0 0.7203125 0.2 0.009375 0.0078125
0 0.865625 0.1953125 0.0109375 0.0078125
0 0.584375 0.2703125 0.0109375 0.00625
0 0.5953125 0.371875 0.0109375 0.009375
0 0.6453125 0.4 0.0078125 0.00625
0 0.6703125 0.4140625 0.009375 0.00625
0 0.6984375 0.396875 0.0078125 0.0078125
0 0.665625 0.3640625 0.009375 0.0046875
0 0.6015625 0.434375 0.0078125 0.00625
0 0.6296875 0.4515625 0.0078125 0.0078125
0 0.6390625 0.425 0.00625 0.00625
0 0.7046875 0.4234375 0.00625 0.00625
0 0.7234375 0.45 0.0078125 0.00625
0 0.7140625 0.4796875 0.00625 0.00625
0 0.68125 0.4921875 0.0078125 0.0046875
0 0.646875 0.4796875 0.009375 0.009375
0 0.6078125 0.5078125 0.0078125 0.0078125
0 0.6328125 0.634375 0.0046875 0.0078125
0 0.6953125 0.6328125 0.009375 0.0078125
0 0.759375 0.6359375 0.0109375 0.0078125
0 0.825 0.634375 0.0109375 0.0078125
0 0.8875 0.634375 0.0109375 0.009375
0 0.9515625 0.634375 0.0078125 0.009375