0 0.68203125 0.175 0.0109375 0.009375
0 0.82578125 0.153125 0.0125 0.009375
0 0.55546875 0.26171875 0.0109375 0.0078125
0 0.57890625 0.3609375 0.0125 0.0109375
0 0.63203125 0.3828125 0.0078125 0.0078125
0 0.65859375 0.39375 0.009375 0.0078125
0 0.684375 0.3734375 0.009375 0.009375
0 0.64765625 0.34453125 0.009375 0.00625
0 0.59296875 0.42265625 0.0078125 0.0078125
0 0.62265625 0.4359375 0.009375 0.009375
0 0.62890625 0.40859375 0.00625 0.00625
0 0.69375 0.39921875 0.00625 0.00625
0 0.715625 0.4234375 0.0078125 0.0078125
0 0.71015625 0.45390625 0.00625 0.00625
0 0.67890625 0.4703125 0.0078125 0.00625
0 0.64296875 0.46171875 0.0109375 0.0109375
0 0.6078125 0.49453125 0.009375 0.009375
0 0.6484375 0.6171875 0.00625 0.0078125
0 0.71015625 0.6078125 0.0109375 0.009375
0 0.77421875 0.603125 0.0125 0.009375
0 0.8390625 0.59375 0.0125 0.009375
0 0.90078125 0.5859375 0.0125 0.0109375
0 0.96484375 0.578125 0.009375 0.0109375