1 0.3515625 0.7515625 0.046875 0.046875
1 0.3703125 0.55390625 0.040625 0.0515625
1 0.4875 0.6328125 0.0421875 0.0484375
1 0.55546875 0.6703125 0.040625 0.0484375
1 0.5828125 0.45234375 0.0265625 0.034375
1 0.2625 0.571875 0.04375 0.0484375
1 0.31796875 0.43203125 0.0625 0.046875
1 0.4234375 0.41953125 0.03125 0.04375
1 0.4515625 0.4078125 0.03125 0.0375
1 0.46640625 0.44296875 0.0328125 0.04375
1 0.475 0.4875 0.0328125 0.0390625
1 0.49765625 0.35859375 0.0265625 0.034375
1 0.56796875 0.375 0.03125 0.04375
1 0.6015625 0.48046875 0.04375 0.04375
1 0.615625 0.71640625 0.0375 0.0375
1 0.5078125 0.70546875 0.0390625 0.04375
1 0.50078125 0.47734375 0.03125 0.040625