1 0.4625 0.78046875 0.06875 0.078125
1 0.81640625 0.446875 0.059375 0.0640625
1 0.8015625 0.3109375 0.0390625 0.0515625
1 0.83828125 0.39609375 0.03125 0.0421875
1 0.71953125 0.278125 0.1125 0.1234375
1 0.33046875 0.2359375 0.04375 0.046875
1 0.23203125 0.3609375 0.078125 0.05625
1 0.51484375 0.490625 0.090625 0.06875
1 0.5109375 0.625 0.19375 0.2140625
1 0.784375 0.6515625 0.1296875 0.1296875
1 0.65546875 0.58515625 0.1328125 0.11875
1 0.54921875 0.934375 0.059375 0.0734375
1 0.3234375 0.86015625 0.03125 0.0421875
1 0.27578125 0.56640625 0.125 0.1671875
1 0.64921875 0.72890625 0.08125 0.10625