1 0.35625 0.75390625 0.046875 0.0484375
1 0.37109375 0.55625 0.0421875 0.053125
1 0.48984375 0.6328125 0.0421875 0.0484375
1 0.55859375 0.66953125 0.040625 0.0484375
1 0.58203125 0.45078125 0.0265625 0.034375
1 0.2640625 0.57578125 0.04375 0.0484375
1 0.3171875 0.43515625 0.0625 0.0484375
1 0.42265625 0.4203125 0.0328125 0.04375
1 0.45 0.40859375 0.03125 0.0375
1 0.465625 0.44375 0.034375 0.04375
1 0.475 0.4875 0.0328125 0.0390625
1 0.4953125 0.35859375 0.0265625 0.034375
1 0.565625 0.37421875 0.0328125 0.04375
1 0.60078125 0.47890625 0.04375 0.04375
1 0.61875 0.7140625 0.0390625 0.0375
1 0.51171875 0.70546875 0.040625 0.04375
1 0.5 0.47734375 0.03125 0.040625