0 0.634375 0.865625 0.01875 0.015625
0 0.67890625 0.8875 0.0125 0.0125
0 0.7171875 0.87109375 0.0125 0.015625
0 0.73359375 0.8296875 0.015625 0.0125
0 0.7125 0.784375 0.0125 0.0140625
0 0.7046875 0.74375 0.0171875 0.009375
0 0.6453125 0.73984375 0.0125 0.0125
0 0.6703125 0.76484375 0.0171875 0.0140625
0 0.634375 0.778125 0.0171875 0.0125
0 0.61640625 0.81796875 0.01875 0.0171875
0 0.5875 0.7890625 0.0140625 0.015625
0 0.5890625 0.6875 0.01875 0.01875
0 0.67265625 0.68671875 0.0125 0.015625
0 0.5875 0.60703125 0.0171875 0.0203125
0 0.5875 0.53125 0.015625 0.0140625
0 0.59609375 0.434375 0.0203125 0.0125
0 0.74296875 0.44609375 0.021875 0.0140625
0 0.91015625 0.45625 0.0171875 0.0125