0 0.95 0.603125 0.00625 0.0078125
0 0.8828125 0.6046875 0.00625 0.0078125
0 0.8171875 0.60625 0.0078125 0.0078125
0 0.75 0.60625 0.00625 0.0078125
0 0.684375 0.603125 0.0078125 0.0078125
0 0.6203125 0.6046875 0.0078125 0.0078125
0 0.3921875 0.59375 0.009375 0.0078125
0 0.5953125 0.4765625 0.0078125 0.00625
0 0.5890625 0.403125 0.0078125 0.00625
0 0.584375 0.340625 0.00625 0.0046875
0 0.7140625 0.171875 0.00625 0.0046875
0 0.5796875 0.1765625 0.0046875 0.003125
0 0.575 0.240625 0.0046875 0.0046875
0 0.6359375 0.4484375 0.0078125 0.00625
0 0.671875 0.459375 0.0078125 0.00625
0 0.70625 0.446875 0.00625 0.00625
0 0.715625 0.41875 0.00625 0.00625
0 0.696875 0.3921875 0.00625 0.0046875
0 0.6609375 0.3828125 0.00625 0.0046875
0 0.6296875 0.39375 0.00625 0.00625
0 0.61875 0.4203125 0.0078125 0.00625
0 0.690625 0.365625 0.00625 0.0046875
0 0.6359375 0.3671875 0.0046875 0.003125
0 0.65625 0.33125 0.0046875 0.0046875
0 0.8625 0.165625 0.0046875 0.0046875