0 0.4890625 0.8015625 0.021875 0.0265625
0 0.41875 0.73046875 0.0171875 0.0203125
0 0.56484375 0.88203125 0.021875 0.0296875
0 0.6171875 0.871875 0.0109375 0.015625
0 0.6515625 0.86171875 0.0125 0.0203125
0 0.67890625 0.784375 0.0109375 0.01875
0 0.7234375 0.72109375 0.015625 0.0171875
0 0.71875 0.68671875 0.0125 0.0125
0 0.58828125 0.58828125 0.0125 0.009375
0 0.5640625 0.5953125 0.0109375 0.0125
0 0.5328125 0.653125 0.0140625 0.0125
0 0.484375 0.70546875 0.015625 0.0140625
0 0.48515625 0.740625 0.0140625 0.0109375
0 0.571875 0.5421875 0.0125 0.0125
0 0.62421875 0.57734375 0.021875 0.0171875
0 0.67890625 0.6171875 0.025 0.025
0 0.7390625 0.66484375 0.0171875 0.021875
0 0.80390625 0.7109375 0.0140625 0.0171875
0 0.8390625 0.63359375 0.0203125 0.0234375
0 0.86875 0.56484375 0.0203125 0.021875
0 0.81484375 0.5296875 0.025 0.0234375
0 0.61015625 0.484375 0.03125 0.0203125
0 0.64921875 0.4296875 0.0171875 0.0171875
0 0.703125 0.46171875 0.0140625 0.015625
0 0.753125 0.49296875 0.0203125 0.01875