0 0.9890625 0.709375 0.0125 0.015625
0 0.95 0.7984375 0.0171875 0.021875
0 0.946875 0.7203125 0.015625 0.01875
0 0.8796875 0.709375 0.0125 0.015625
0 0.90625 0.809375 0.0171875 0.0171875
0 0.9046875 0.73125 0.0125 0.0171875
0 0.8625 0.740625 0.0171875 0.01875
0 0.815625 0.75625 0.0265625 0.0203125
0 0.771875 0.765625 0.025 0.0171875
0 0.859375 0.8203125 0.025 0.025
0 0.765625 0.846875 0.01875 0.0203125
0 0.809375 0.8375 0.0171875 0.0234375
0 0.8296875 0.871875 0.01875 0.015625
0 0.81875 0.8875 0.0140625 0.01875
0 0.859375 0.959375 0.021875 0.0234375
0 0.840625 0.965625 0.0171875 0.0265625
0 0.8046875 0.89375 0.015625 0.01875
0 0.784375 0.8875 0.0203125 0.0203125
0 0.7359375 0.9 0.01875 0.0234375
0 0.71875 0.8625 0.025 0.0265625
0 0.684375 0.91875 0.0203125 0.021875
0 0.66875 0.875 0.01875 0.025
0 0.6265625 0.9328125 0.015625 0.025
0 0.6140625 0.89375 0.0125 0.0203125
0 0.571875 0.953125 0.0171875 0.0171875
0 0.559375 0.909375 0.0140625 0.0140625
0 0.515625 0.9234375 0.0171875 0.015625
0 0.525 0.96875 0.034375 0.025
0 0.4625 0.9875 0.0296875 0.025
0 0.4546875 0.940625 0.021875 0.025
0 0.396875 0.959375 0.021875 0.021875
0 0.33125 0.971875 0.01875 0.0234375
0 0.265625 0.99375 0.025 0.0125