0 0.73125 0.559375 0.021875 0.0265625
0 0.8203125 0.47890625 0.025 0.03125
0 0.9109375 0.39453125 0.0265625 0.0203125
0 0.98125 0.328125 0.025 0.03125
0 0.871875 0.26640625 0.0296875 0.0265625
0 0.73203125 0.33984375 0.0140625 0.0265625
0 0.71875 0.384375 0.0234375 0.0328125
0 0.784375 0.42109375 0.0140625 0.015625
0 0.75859375 0.40859375 0.01875 0.0234375
0 0.20625 0.43125 0.015625 0.0234375
0 0.18046875 0.4515625 0.0171875 0.0234375
0 0.19375 0.48671875 0.015625 0.015625
0 0.11484375 0.5703125 0.021875 0.0265625
0 0.78125 0.3046875 0.0140625 0.01875
0 0.7859375 0.29609375 0.0140625 0.0171875
0 0.83359375 0.3390625 0.015625 0.0203125
0 0.80390625 0.396875 0.0140625 0.0234375
0 0.9234375 0.3375 0.0171875 0.0203125
0 0.63984375 0.45546875 0.021875 0.0203125
0 0.73203125 0.16171875 0.0203125 0.01875
0 0.69609375 0.18515625 0.0203125 0.025
0 0.675 0.15078125 0.015625 0.015625
0 0.70859375 0.13515625 0.0140625 0.0203125
0 0.7625 0.12265625 0.0234375 0.025
0 0.5765625 0.28828125 0.01875 0.01875
0 0.39140625 0.41640625 0.021875 0.03125
0 0.22421875 0.47109375 0.0171875 0.0234375
0 0.53125 0.73828125 0.0203125 0.0265625
0 0.5703125 0.65078125 0.01875 0.025
0 0.5484375 0.52578125 0.021875 0.0265625
0 0.64453125 0.6328125 0.0171875 0.0296875
0 0.75078125 0.49296875 0.028125 0.0328125
0 0.765625 0.6609375 0.0203125 0.025
0 0.740625 0.6875 0.0203125 0.025
0 0.68046875 0.671875 0.0125 0.0140625
0 0.50078125 0.84453125 0.0328125 0.034375
0 0.403125 0.8546875 0.021875 0.034375
0 0.3203125 0.87890625 0.021875 0.03125
0 0.20234375 0.80390625 0.021875 0.028125
0 0.25859375 0.71875 0.0234375 0.025
0 0.33828125 0.66328125 0.0171875 0.015625
0 0.38515625 0.66328125 0.0203125 0.03125