0 0.41875 0.5875 0.046875 0.0609375
0 0.703125 0.559375 0.046875 0.05
0 0.840625 0.546875 0.0390625 0.0453125
0 0.971875 0.53125 0.04375 0.05
0 0.884375 0.2078125 0.0390625 0.0375
0 0.75 0.21875 0.0296875 0.0328125
0 0.63125 0.2296875 0.0390625 0.0375
0 0.503125 0.2421875 0.0359375 0.0375
0 0.375 0.2546875 0.0328125 0.03125
0 0.23125 0.2671875 0.0359375 0.046875
0 0.0890625 0.284375 0.034375 0.0390625
0 0.08125 0.515625 0.0328125 0.0421875
0 0.23125 0.503125 0.0375 0.0453125
0 0.4375 0.48125 0.0359375 0.0390625
0 0.51875 0.471875 0.0359375 0.04375
0 0.65 0.453125 0.0296875 0.040625
0 0.778125 0.440625 0.04375 0.040625
0 0.921875 0.4234375 0.034375 0.05
0 0.384375 0.778125 0.0578125 0.0484375
0 0.00625 0.63125 0.0125 0.040625
0 0.1546875 0.61875 0.04375 0.0640625
0 0.3125 0.6078125 0.0578125 0.0625
0 0.5609375 0.5765625 0.05625 0.053125
0 0.634375 0.165625 0.053125 0.0328125
0 0.128125 0.2078125 0.0578125 0.0375