0 0.265625 0.5078125 0.0375 0.0421875
0 0.7875 0.5953125 0.0375 0.0375
0 0.70390625 0.58359375 0.0375 0.046875
0 0.625 0.56640625 0.0390625 0.0421875
0 0.54765625 0.553125 0.0328125 0.034375
0 0.46953125 0.5453125 0.0328125 0.0375
0 0.40234375 0.53046875 0.0359375 0.034375
0 0.33671875 0.515625 0.0359375 0.0375
0 0.81484375 0.5046875 0.0421875 0.0359375
0 0.7140625 0.49296875 0.040625 0.05
0 0.621875 0.47421875 0.0359375 0.034375
0 0.5296875 0.465625 0.0375 0.0390625
0 0.44765625 0.4546875 0.0375 0.0390625
0 0.3671875 0.44453125 0.0453125 0.0359375
0 0.29296875 0.415625 0.046875 0.0578125
0 0.3390625 0.5859375 0.0328125 0.0390625