0 0.27578125 0.59609375 0.0453125 0.046875
0 0.34453125 0.66875 0.0375 0.040625
0 0.41796875 0.628125 0.0359375 0.0421875
0 0.48671875 0.5984375 0.04375 0.04375
0 0.56875 0.55703125 0.040625 0.059375
0 0.66015625 0.51796875 0.0453125 0.05
0 0.73515625 0.4640625 0.034375 0.04375
0 0.82890625 0.428125 0.0296875 0.0515625
0 0.9234375 0.38671875 0.053125 0.071875
0 0.8484375 0.2875 0.046875 0.053125
0 0.7375 0.34921875 0.0328125 0.0515625
0 0.63515625 0.41171875 0.0390625 0.046875
0 0.53203125 0.46015625 0.0421875 0.053125
0 0.44453125 0.51171875 0.046875 0.0515625
0 0.35859375 0.55859375 0.040625 0.0390625
0 0.278125 0.68984375 0.034375 0.0484375
0 0.2734375 0.7671875 0.0390625 0.04375
0 0.22578125 0.7171875 0.0421875 0.0453125
0 0.20078125 0.62734375 0.065625 0.0625
0 0.14921875 0.75234375 0.0296875 0.034375
0 0.134375 0.6671875 0.0453125 0.0703125
0 0.06953125 0.68046875 0.0625 0.071875