0 0.559375 0.315625 0.0296875 0.0328125
0 0.684375 0.2390625 0.03125 0.028125
0 0.3625 0.4 0.028125 0.0234375
0 0.271875 0.3375 0.0265625 0.025
0 0.190625 0.278125 0.03125 0.0265625
0 0.1171875 0.21875 0.021875 0.0375
0 0.046875 0.16875 0.021875 0.028125
0 0.8 0.0390625 0.0296875 0.03125
0 0.678125 0.090625 0.03125 0.0390625
0 0.740625 0.009375 0.0453125 0.01875
0 0.653125 0.6234375 0.03125 0.04375
0 0.6328125 0.665625 0.028125 0.0421875
0 0.7890625 0.721875 0.025 0.0421875
0 0.771875 0.778125 0.0296875 0.0375
0 0.95 0.7796875 0.0390625 0.04375
0 0.55 0.49375 0.0234375 0.0296875
0 0.490625 0.609375 0.0265625 0.0328125
0 0.365625 0.8484375 0.03125 0.03125
0 0.484375 0.4453125 0.021875 0.03125
0 0.91875 0.8859375 0.034375 0.0375