0 0.425 0.5125 0.0390625 0.0140625
0 0.65 0.5125 0.0328125 0.0140625
0 0.878125 0.5140625 0.0359375 0.0125
0 0.421875 0.540625 0.0421875 0.0109375
0 0.64375 0.5421875 0.0359375 0.0125
0 0.871875 0.54375 0.0328125 0.0109375
0 0.2 0.76875 0.0296875 0.0109375
0 0.4140625 0.76875 0.028125 0.0109375
0 0.625 0.76875 0.0296875 0.009375
0 0.83125 0.76875 0.0359375 0.0125
0 0.203125 0.796875 0.0390625 0.0109375
0 0.4125 0.79375 0.0328125 0.0109375
0 0.621875 0.79375 0.0234375 0.0078125
0 0.8265625 0.79375 0.03125 0.0109375
0 0.221875 0.165625 0.040625 0.0125
0 0.503125 0.171875 0.03125 0.009375
0 0.21875 0.1359375 0.0328125 0.0125
0 0.4984375 0.140625 0.040625 0.0109375
0 0.19375 0.509375 0.05 0.0140625
0 0.19375 0.5421875 0.0390625 0.0125