0 0.5296875 0.459375 0.01875 0.0234375
0 0.471875 0.603125 0.01875 0.0171875
0 0.5078125 0.6015625 0.0125 0.015625
0 0.515625 0.646875 0.0140625 0.0171875
0 0.475 0.646875 0.0171875 0.0203125
0 0.603125 0.559375 0.01875 0.0203125
0 0.5640625 0.5640625 0.01875 0.021875
0 0.528125 0.5640625 0.0203125 0.01875
0 0.5234375 0.509375 0.015625 0.0203125
0 0.48125 0.5125 0.0203125 0.0234375
0 0.48125 0.4625 0.0234375 0.0234375
0 0.3265625 0.571875 0.01875 0.0234375
0 0.2875 0.575 0.0171875 0.01875
0 0.4140625 0.56875 0.01875 0.0203125
0 0.45 0.5640625 0.0125 0.0125
0 0.440625 0.60625 0.0140625 0.0171875