0 0.25 0.8265625 0.046875 0.0484375
0 0.19140625 0.140625 0.05 0.0546875
0 0.259375 0.29765625 0.053125 0.059375
0 0.29765625 0.4890625 0.0625 0.0703125
0 0.0421875 0.64140625 0.0515625 0.05625
0 0.2203125 0.71640625 0.05625 0.05625
0 0.48203125 0.63515625 0.05625 0.05625
0 0.59609375 0.6 0.059375 0.0625
0 0.86796875 0.51484375 0.0578125 0.0671875
0 0.38125 0.7875 0.0484375 0.0484375
0 0.51171875 0.74140625 0.04375 0.0515625
0 0.62890625 0.7125 0.034375 0.0453125
0 0.76875 0.66640625 0.040625 0.05
0 0.90859375 0.6265625 0.0453125 0.053125