0 0.159375 0.721875 0.021875 0.0328125
0 0.540625 0.1875 0.0171875 0.0265625
0 0.484375 0.9078125 0.0234375 0.034375
0 0.5625 0.978125 0.0359375 0.0390625
0 0.4109375 0.83125 0.021875 0.0265625
0 0.4390625 0.959375 0.025 0.034375
0 0.2921875 0.871875 0.021875 0.0296875
0 0.31875 0.834375 0.0265625 0.0296875
0 0.3421875 0.7625 0.021875 0.03125
0 0.28125 0.70625 0.0234375 0.0265625
0 0.23125 0.6546875 0.0171875 0.01875
0 0.184375 0.6875 0.0171875 0.01875
0 0.434375 0.121875 0.0234375 0.025
0 0.0765625 0.575 0.025 0.0296875
0 0.053125 0.6046875 0.01875 0.021875
0 0.0078125 0.496875 0.015625 0.0265625
0 0.034375 0.446875 0.01875 0.0296875
0 0.078125 0.4984375 0.0140625 0.01875
0 0.125 0.546875 0.0203125 0.0296875
0 0.1765625 0.596875 0.021875 0.0359375
0 0.4875 0.378125 0.0125 0.0234375
0 0.5125 0.3375 0.0171875 0.0265625
0 0.546875 0.4234375 0.028125 0.03125
0 0.575 0.3796875 0.0203125 0.025
0 0.6390625 0.425 0.021875 0.021875
0 0.6140625 0.471875 0.021875 0.0265625
0 0.68125 0.525 0.0234375 0.0296875
0 0.703125 0.4703125 0.0296875 0.03125
0 0.7546875 0.571875 0.025 0.0296875
0 0.775 0.521875 0.0171875 0.0234375
0 0.8453125 0.5671875 0.028125 0.03125
0 0.8203125 0.621875 0.03125 0.0375
0 0.9 0.68125 0.0296875 0.028125
0 0.91875 0.621875 0.021875 0.021875
0 0.984375 0.7453125 0.0203125 0.034375
0 0.965625 0.525 0.0234375 0.0328125
0 0.8828125 0.4703125 0.015625 0.021875
0 0.821875 0.425 0.0203125 0.0296875
0 0.7546875 0.378125 0.025 0.0390625
0 0.684375 0.3375 0.021875 0.034375
0 0.6234375 0.296875 0.025 0.0296875
0 0.56875 0.25625 0.021875 0.034375
0 0.515625 0.225 0.0234375 0.0359375
0 0.4625 0.1875 0.0203125 0.0296875
0 0.41875 0.15625 0.015625 0.0265625
0 0.365625 0.1296875 0.0171875 0.01875
0 0.325 0.096875 0.021875 0.0234375
0 0.290625 0.075 0.01875 0.0234375
0 0.24375 0.046875 0.025 0.0296875
0 0.215625 0.028125 0.025 0.028125
0 0.309375 0.04375 0.0109375 0.0203125
0 0.346875 0.06875 0.0125 0.0125