0 0.40078125 0.3671875 0.0109375 0.0265625
0 0.54296875 0.44921875 0.0109375 0.01875
0 0.34375 0.33984375 0.0109375 0.0234375
0 0.315625 0.321875 0.0078125 0.01875
0 0.284375 0.30546875 0.0109375 0.01875
0 0.25234375 0.28828125 0.009375 0.025
0 0.21796875 0.2703125 0.0140625 0.0296875
0 0.37265625 0.35546875 0.0109375 0.0234375
0 0.52109375 0.4375 0.0109375 0.0234375
0 0.4984375 0.421875 0.009375 0.0234375
0 0.475 0.41328125 0.009375 0.0234375
0 0.4515625 0.40078125 0.0109375 0.021875
0 0.42421875 0.3828125 0.0125 0.0234375
0 0.7828125 0.5796875 0.0109375 0.0296875
0 0.7671875 0.5671875 0.009375 0.025
0 0.75078125 0.5609375 0.00625 0.0234375
0 0.73359375 0.55078125 0.0125 0.028125
0 0.71796875 0.53984375 0.00625 0.0234375
0 0.70078125 0.534375 0.0078125 0.0203125
0 0.68203125 0.521875 0.009375 0.0265625
0 0.6625 0.5109375 0.0078125 0.021875
0 0.64375 0.50078125 0.009375 0.01875
0 0.625 0.48828125 0.0078125 0.0265625
0 0.6046875 0.484375 0.009375 0.021875
0 0.58671875 0.4703125 0.0109375 0.0234375
0 0.56328125 0.45703125 0.00625 0.015625