0 0.29375 0.640625 0.0109375 0.0171875
0 0.2859375 0.67109375 0.01875 0.021875
0 0.275 0.6984375 0.01875 0.0234375
0 0.25859375 0.725 0.0171875 0.025
0 0.2421875 0.75078125 0.0203125 0.0203125
0 0.22890625 0.7640625 0.0140625 0.0171875
0 0.128125 0.7046875 0.0109375 0.0171875
0 0.10390625 0.72890625 0.0109375 0.0203125
0 0.23125 0.609375 0.0140625 0.0140625
0 0.25390625 0.621875 0.0171875 0.0171875
0 0.203125 0.76328125 0.0171875 0.01875
0 0.18359375 0.7515625 0.0140625 0.01875
0 0.16484375 0.73671875 0.0125 0.015625
0 0.16484375 0.71796875 0.0109375 0.01875
0 0.18203125 0.69140625 0.0140625 0.0234375
0 0.275 0.62734375 0.0140625 0.0140625
0 0.20078125 0.6640625 0.015625 0.0203125
0 0.21484375 0.63515625 0.015625 0.0234375
0 0.17734375 0.5078125 0.0109375 0.0171875
0 0.16953125 0.496875 0.0125 0.0140625
0 0.14921875 0.51640625 0.0109375 0.015625
0 0.13359375 0.528125 0.0109375 0.01875
0 0.11953125 0.54375 0.009375 0.015625
0 0.203125 0.546875 0.009375 0.009375
0 0.1953125 0.5734375 0.0109375 0.0125
0 0.1796875 0.61953125 0.0109375 0.0140625
0 0.153125 0.665625 0.0140625 0.01875