0 0.0625 0.378125 0.0171875 0.0234375
0 0.409375 0.021875 0.0109375 0.0140625
0 0.4265625 0.03125 0.0125 0.0234375
0 0.396875 0.09375 0.0109375 0.0140625
0 0.4109375 0.1125 0.0125 0.0125
0 0.384375 0.21875 0.015625 0.0203125
0 0.4046875 0.2578125 0.009375 0.01875
0 0.384375 0.3125 0.009375 0.0109375
0 0.4046875 0.353125 0.009375 0.0109375
0 0.940625 0.4078125 0.015625 0.015625
0 0.95 0.378125 0.0171875 0.0171875
0 0.846875 0.4046875 0.01875 0.021875
0 0.85625 0.38125 0.0203125 0.0140625
0 0.7484375 0.403125 0.015625 0.0140625
0 0.7546875 0.38125 0.01875 0.0125
0 0.6375 0.4015625 0.015625 0.015625
0 0.64375 0.3796875 0.015625 0.015625
0 0.525 0.396875 0.015625 0.01875
0 0.525 0.375 0.021875 0.0140625
0 0.40625 0.371875 0.0140625 0.0109375
0 0.38125 0.371875 0.009375 0.0125
0 0.4078125 0.3953125 0.015625 0.01875
0 0.4078125 0.453125 0.015625 0.015625
0 0.4125 0.490625 0.0109375 0.0171875
0 0.4140625 0.540625 0.0125 0.0140625
0 0.4171875 0.58125 0.0125 0.0109375
0 0.4203125 0.6421875 0.0125 0.0125
0 0.4125 0.6703125 0.009375 0.015625
0 0.403125 0.6359375 0.0140625 0.01875
0 0.3984375 0.565625 0.0125 0.0234375
0 0.3953125 0.51875 0.015625 0.021875
0 0.39375 0.4875 0.0140625 0.0234375
0 0.390625 0.44375 0.0109375 0.01875
0 0.384375 0.3953125 0.0109375 0.021875
0 0.30625 0.3984375 0.0234375 0.01875
0 0.30625 0.378125 0.0171875 0.0171875
0 0.2296875 0.4 0.015625 0.0234375
0 0.225 0.378125 0.0125 0.0140625
0 0.15 0.4015625 0.0109375 0.015625
0 0.146875 0.38125 0.015625 0.021875
0 0.01875 0.375 0.0140625 0.015625
0 0.025 0.403125 0.0234375 0.0234375
0 0.009375 0.434375 0.015625 0.01875
0 0.0125 0.453125 0.0125 0.0140625
0 0.028125 0.4875 0.0109375 0.0109375
0 0.1234375 0.646875 0.015625 0.021875
0 0.1015625 0.6625 0.01875 0.0203125
0 0.071875 0.6 0.0171875 0.0203125