0 0.31875 0.3078125 0.0171875 0.01875
0 0.165625 0.2890625 0.0234375 0.025
0 0.1734375 0.25 0.021875 0.021875
0 0.325 0.2734375 0.0296875 0.028125
0 0.45625 0.33125 0.01875 0.0265625
0 0.5734375 0.3546875 0.015625 0.03125
0 0.6734375 0.375 0.015625 0.0171875
0 0.765625 0.3953125 0.015625 0.01875
0 0.74375 0.446875 0.0109375 0.01875
0 0.728125 0.490625 0.0203125 0.0203125
0 0.7 0.5546875 0.0140625 0.025
0 0.671875 0.6125 0.0171875 0.01875
0 0.6203125 0.703125 0.0125 0.0171875
0 0.5875 0.7578125 0.0109375 0.009375
0 0.640625 0.6859375 0.0140625 0.015625
0 0.6984375 0.590625 0.0125 0.021875
0 0.725 0.53125 0.0171875 0.0234375
0 0.740625 0.490625 0.0140625 0.0234375
0 0.759375 0.44375 0.0109375 0.0125
0 0.78125 0.396875 0.0140625 0.0171875
0 0.775 0.346875 0.0140625 0.0140625
0 0.8 0.321875 0.0109375 0.0140625
0 0.7875 0.265625 0.0140625 0.01875
0 0.796875 0.2453125 0.0125 0.01875
0 0.821875 0.4125 0.015625 0.0171875
0 0.865625 0.4265625 0.0140625 0.015625
0 0.9 0.4375 0.0171875 0.0203125
0 0.9375 0.45 0.015625 0.0203125
0 0.953125 0.4515625 0.0109375 0.015625
0 0.83125 0.384375 0.01875 0.021875
0 0.790625 0.375 0.0203125 0.015625
0 0.771875 0.36875 0.0078125 0.0109375
0 0.875 0.4015625 0.009375 0.0125
0 0.9125 0.415625 0.0140625 0.0140625
0 0.9453125 0.4265625 0.0125 0.0125
0 0.9625 0.43125 0.009375 0.0140625
0 0.98125 0.425 0.0078125 0.0078125
0 0.975 0.4375 0.00625 0.0078125
0 0.984375 0.434375 0.0046875 0.0125
0 0.459375 0.303125 0.0265625 0.0203125
0 0.578125 0.3234375 0.0171875 0.028125
0 0.6828125 0.346875 0.015625 0.0265625