0 0.3375 0.6890625 0.0078125 0.015625
0 0.3375 0.7203125 0.0140625 0.01875
0 0.334375 0.75 0.0140625 0.0203125
0 0.325 0.7796875 0.0125 0.021875
0 0.315625 0.809375 0.015625 0.0171875
0 0.30625 0.825 0.0109375 0.015625
0 0.19375 0.79375 0.0078125 0.015625
0 0.1765625 0.8234375 0.00625 0.01875
0 0.26875 0.675 0.0109375 0.0109375
0 0.29375 0.68125 0.0140625 0.0140625
0 0.28125 0.83125 0.0140625 0.015625
0 0.259375 0.825 0.009375 0.0171875
0 0.2375 0.815625 0.009375 0.0140625
0 0.2328125 0.796875 0.00625 0.0171875
0 0.2421875 0.7671875 0.009375 0.021875
0 0.315625 0.68125 0.0109375 0.0109375
0 0.253125 0.7359375 0.0109375 0.01875
0 0.259375 0.7046875 0.0109375 0.021875
0 0.190625 0.590625 0.0078125 0.015625
0 0.1796875 0.5828125 0.009375 0.0125
0 0.165625 0.60625 0.0078125 0.0140625
0 0.153125 0.621875 0.00625 0.0171875
0 0.14375 0.640625 0.00625 0.0140625
0 0.225 0.621875 0.0078125 0.0078125
0 0.225 0.65 0.0078125 0.0109375
0 0.221875 0.6984375 0.0078125 0.0125
0 0.2078125 0.75 0.009375 0.0171875