0 0.4328125 0.29375 0.028125 0.0203125
0 0.35 0.25 0.028125 0.01875
0 0.3546875 0.1875 0.025 0.0171875
0 0.3875 0.134375 0.0203125 0.0171875
0 0.44375 0.0859375 0.0203125 0.015625
0 0.615625 0.1125 0.021875 0.015625
0 0.425 0.6078125 0.0296875 0.021875
0 0.46875 0.5203125 0.0234375 0.01875
0 0.54375 0.45 0.0265625 0.0140625
0 0.671875 0.440625 0.025 0.015625
0 0.409375 0.715625 0.0328125 0.0234375
0 0.7453125 0.6921875 0.034375 0.021875
0 0.7703125 0.5 0.028125 0.0203125
0 0.778125 0.59375 0.028125 0.021875
0 0.546875 0.284375 0.0359375 0.021875
0 0.51875 0.8 0.0359375 0.0234375
0 0.66875 0.7875 0.03125 0.021875
0 0.90625 0.3125 0.0484375 0.0328125
0 0.990625 0.340625 0.01875 0.0265625
0 0.85625 0.25625 0.0359375 0.034375
0 0.853125 0.196875 0.028125 0.0234375
0 0.846875 0.146875 0.028125 0.025
0 0.88125 0.109375 0.0296875 0.021875
0 0.9625 0.096875 0.01875 0.0171875