0 0.653125 0.41875 0.025 0.025
0 0.59375 0.41875 0.0203125 0.021875
0 0.534375 0.415625 0.021875 0.0265625
0 0.478125 0.421875 0.03125 0.0359375
0 0.4203125 0.41875 0.025 0.03125
0 0.3453125 0.415625 0.021875 0.0265625
0 0.475 0.359375 0.01875 0.025
0 0.7734375 0.590625 0.015625 0.021875
0 0.7125 0.5890625 0.0171875 0.021875
0 0.653125 0.5875 0.0171875 0.0203125
0 0.6 0.590625 0.0328125 0.025
0 0.54375 0.5859375 0.03125 0.03125
0 0.484375 0.5796875 0.0234375 0.03125
0 0.653125 0.365625 0.0234375 0.0171875
0 0.5953125 0.3625 0.03125 0.025
0 0.5390625 0.3609375 0.021875 0.03125
0 0.41875 0.3625 0.0265625 0.0203125
0 0.346875 0.353125 0.0234375 0.0171875