0 0.7078125 0.9359375 0.06875 0.0875
0 0.95625 0.31875 0.0390625 0.046875
0 0.8125 0.7765625 0.0484375 0.0625
0 0.91875 0.8859375 0.0703125 0.078125
0 0.884375 0.6375 0.046875 0.0515625
0 0.953125 0.534375 0.0515625 0.05625
0 0.15625 0.3609375 0.0703125 0.0875
0 0.36875 0.321875 0.0578125 0.0671875
0 0.4875 0.2921875 0.0640625 0.078125
0 0.6828125 0.51875 0.071875 0.0734375
0 0.759375 0.45 0.0609375 0.0609375
0 0.821875 0.390625 0.0484375 0.0546875
0 0.871875 0.35 0.0390625 0.0515625
0 0.5046875 0.6734375 0.109375 0.125
0 0.984375 0.440625 0.03125 0.05625