0 0.38828125 0.0296875 0.0171875 0.0125
0 0.271875 0.971875 0.0328125 0.025
0 0.31640625 0.91640625 0.034375 0.03125
0 0.27578125 0.88515625 0.0265625 0.021875
0 0.278125 0.80703125 0.0265625 0.01875
0 0.31640625 0.7921875 0.0328125 0.028125
0 0.28046875 0.73828125 0.028125 0.021875
0 0.31796875 0.684375 0.028125 0.021875
0 0.28046875 0.69296875 0.0296875 0.0203125
0 0.2796875 0.6359375 0.0328125 0.0234375
0 0.31953125 0.5921875 0.0296875 0.025
0 0.28359375 0.5859375 0.025 0.025
0 0.28671875 0.534375 0.028125 0.021875
0 0.32109375 0.5125 0.0234375 0.0234375
0 0.2875 0.49296875 0.025 0.0203125
0 0.31796875 0.43984375 0.03125 0.021875
0 0.28359375 0.44296875 0.0328125 0.028125
0 0.28984375 0.41328125 0.0296875 0.0203125
0 0.321875 0.37265625 0.021875 0.0234375
0 0.2890625 0.365625 0.028125 0.0203125
0 0.3203125 0.309375 0.0296875 0.0203125
0 0.290625 0.31953125 0.0296875 0.0234375
0 0.3234375 0.253125 0.0265625 0.0171875
0 0.2921875 0.275 0.01875 0.015625
0 0.29453125 0.23515625 0.015625 0.0109375
0 0.3234375 0.19921875 0.021875 0.015625
0 0.29609375 0.209375 0.0171875 0.0171875
0 0.29609375 0.18046875 0.0140625 0.0125
0 0.29921875 0.1515625 0.015625 0.0109375
0 0.29765625 0.125 0.015625 0.0109375
0 0.2984375 0.09609375 0.015625 0.0140625
0 0.32421875 0.06171875 0.01875 0.0171875
0 0.62734375 0.03671875 0.0203125 0.0171875
0 0.63828125 0.08671875 0.0234375 0.015625
0 0.65234375 0.14140625 0.021875 0.015625
0 0.665625 0.19921875 0.021875 0.015625
0 0.68359375 0.26484375 0.0265625 0.0203125
0 0.734375 0.2890625 0.0203125 0.015625
0 0.69921875 0.3359375 0.025 0.01875
0 0.7421875 0.32734375 0.0296875 0.021875
0 0.721875 0.41640625 0.028125 0.021875
0 0.7796875 0.44765625 0.0296875 0.021875
0 0.74140625 0.503125 0.03125 0.0203125
0 0.81875 0.58984375 0.025 0.021875
0 0.765625 0.60078125 0.0265625 0.021875
0 0.83359375 0.64453125 0.0328125 0.021875
0 0.79609375 0.72109375 0.0328125 0.028125
0 0.88203125 0.81171875 0.0359375 0.0359375
0 0.8328125 0.85859375 0.040625 0.03125
0 0.32265625 0.04296875 0.0140625 0.009375
0 0.38828125 0.01953125 0.0171875 0.0125
0 0.45703125 0.003125 0.0140625 0.00625
0 0.2671875 0.078125 0.009375 0.0078125
0 0.2671875 0.07109375 0.0109375 0.009375
0 0.23984375 0.06640625 0.009375 0.0078125
0 0.2421875 0.046875 0.009375 0.0078125
0 0.2375 0.0890625 0.0109375 0.0078125
0 0.23515625 0.1234375 0.0109375 0.0078125
0 0.23515625 0.15 0.0125 0.0078125
0 0.2328125 0.17265625 0.0125 0.009375
0 0.23125 0.1984375 0.015625 0.009375
0 0.22890625 0.22109375 0.015625 0.009375
0 0.22578125 0.25 0.0140625 0.009375
0 0.221875 0.2921875 0.015625 0.0140625
0 0.2203125 0.32890625 0.0171875 0.0125
0 0.215625 0.37265625 0.0171875 0.0140625
0 0.21328125 0.4203125 0.01875 0.0140625
0 0.21015625 0.459375 0.0171875 0.0140625
0 0.20703125 0.51328125 0.015625 0.0125
0 0.203125 0.56171875 0.0171875 0.015625
0 0.19921875 0.60234375 0.0171875 0.015625
0 0.1953125 0.6453125 0.01875 0.015625
0 0.19375 0.6890625 0.0171875 0.015625
0 0.1890625 0.7421875 0.0203125 0.0140625
0 0.18203125 0.81953125 0.01875 0.0171875
0 0.178125 0.87734375 0.021875 0.01875
0 0.171875 0.9609375 0.025 0.0203125