0 0.2671875 0.571875 0.040625 0.0421875
0 0.328125 0.6515625 0.034375 0.0375
0 0.4046875 0.61875 0.03125 0.0390625
0 0.4765625 0.596875 0.040625 0.0390625
0 0.5625 0.5640625 0.034375 0.05625
0 0.6578125 0.534375 0.040625 0.0453125
0 0.7375 0.4890625 0.0296875 0.040625
0 0.834375 0.4625 0.025 0.0484375
0 0.9328125 0.43125 0.046875 0.0671875
0 0.86875 0.325 0.0421875 0.0484375
0 0.7515625 0.375 0.028125 0.0484375
0 0.64375 0.4265625 0.034375 0.04375
0 0.5359375 0.4640625 0.0375 0.05
0 0.44375 0.50625 0.0421875 0.046875
0 0.353125 0.54375 0.0375 0.0359375
0 0.259375 0.665625 0.0296875 0.0453125
0 0.246875 0.7421875 0.034375 0.040625
0 0.2046875 0.6875 0.0375 0.0421875
0 0.1890625 0.5953125 0.059375 0.05625
0 0.125 0.7140625 0.0265625 0.03125
0 0.11875 0.628125 0.0390625 0.0671875
0 0.053125 0.634375 0.05625 0.065625