0 0.48515625 0.07734375 0.021875 0.0171875
0 0.60234375 0.3109375 0.0234375 0.01875
0 0.575 0.41953125 0.021875 0.021875
0 0.52578125 0.4453125 0.01875 0.0171875
0 0.53515625 0.0109375 0.0234375 0.015625
0 0.49453125 0.56796875 0.015625 0.015625
0 0.52265625 0.6453125 0.01875 0.015625
0 0.465625 0.68828125 0.0234375 0.0203125
0 0.49453125 0.7609375 0.028125 0.0203125
0 0.8375 0.965625 0.0265625 0.0234375
0 0.67578125 0.92578125 0.021875 0.0203125
0 0.10234375 0.78828125 0.0265625 0.0203125
0 0.5484375 0.5359375 0.0203125 0.01875
0 0.38828125 0.071875 0.025 0.0203125
0 0.22890625 0.01328125 0.021875 0.0203125
0 0.55 0.13203125 0.0171875 0.0140625
0 0.70703125 0.10234375 0.0234375 0.01875
0 0.98671875 0.1859375 0.0265625 0.025
0 0.65859375 0.1734375 0.021875 0.025