0 0.290625 0.8890625 0.0171875 0.025
0 0.36875 0.8625 0.0265625 0.0359375
0 0.465625 0.83125 0.034375 0.0328125
0 0.55625 0.7921875 0.0265625 0.0375
0 0.640625 0.765625 0.0328125 0.046875
0 0.734375 0.728125 0.0234375 0.040625
0 0.40625 0.934375 0.0234375 0.0328125
0 0.4140625 0.984375 0.03125 0.0265625
0 0.603125 0.9140625 0.0234375 0.034375
0 0.596875 0.8625 0.0234375 0.0296875
0 0.74375 0.859375 0.028125 0.0328125
0 0.73125 0.8078125 0.0296875 0.025
0 0.81875 0.771875 0.0171875 0.0328125
0 0.834375 0.81875 0.0140625 0.0203125
0 0.9765625 0.85625 0.03125 0.0390625
0 0.940625 0.725 0.0265625 0.0265625
0 0.890625 0.6625 0.0375 0.0453125
0 0.803125 0.6984375 0.034375 0.0375
0 0.7171875 0.6078125 0.028125 0.03125
0 0.6828125 0.5046875 0.034375 0.03125
0 0.653125 0.409375 0.0390625 0.0390625
0 0.684375 0.3921875 0.0328125 0.034375
0 0.715625 0.4875 0.028125 0.0296875
0 0.659375 0.303125 0.025 0.0328125
0 0.678125 0.28125 0.0328125 0.0234375
0 0.7484375 0.265625 0.01875 0.025
0 0.8234375 0.240625 0.03125 0.0296875
0 0.89375 0.2203125 0.0203125 0.025
0 0.9609375 0.203125 0.015625 0.0234375
0 0.9421875 0.153125 0.021875 0.040625
0 0.875 0.171875 0.025 0.034375
0 0.803125 0.1921875 0.0234375 0.03125
0 0.734375 0.2125 0.021875 0.0375
0 0.659375 0.234375 0.0234375 0.0265625
0 0.634375 0.221875 0.0234375 0.034375
0 0.6296875 0.1375 0.01875 0.0265625
0 0.8375 0.0828125 0.025 0.03125
0 0.903125 0.0625 0.0234375 0.03125
0 0.9640625 0.053125 0.025 0.0234375
0 0.93125 0.0109375 0.0296875 0.021875
0 0.80625 0.040625 0.0328125 0.028125
0 0.60625 0.09375 0.0328125 0.0328125
0 0.225 0.1265625 0.0171875 0.015625
0 0.296875 0.1078125 0.0203125 0.021875
0 0.365625 0.090625 0.021875 0.0203125
0 0.4234375 0.075 0.03125 0.025
0 0.49375 0.059375 0.0265625 0.0171875
0 0.559375 0.0375 0.0171875 0.01875
0 0.63125 0.01875 0.0234375 0.0140625
0 0.5671875 0.1625 0.01875 0.021875
0 0.4984375 0.178125 0.021875 0.040625
0 0.428125 0.2 0.0203125 0.021875
0 0.3515625 0.221875 0.028125 0.0265625
0 0.275 0.24375 0.0171875 0.025
0 0.2140625 0.259375 0.021875 0.0328125
0 0.1390625 0.28125 0.025 0.03125
0 0.05625 0.30625 0.0234375 0.0328125
0 0.0453125 0.2453125 0.025 0.028125
0 0.1984375 0.203125 0.021875 0.0234375
0 0.059375 0.415625 0.0203125 0.025
0 0.06875 0.48125 0.028125 0.03125
0 0.44375 0.303125 0.028125 0.0265625
0 0.51875 0.2875 0.0328125 0.0328125
0 0.59375 0.2625 0.015625 0.021875
0 0.6125 0.3125 0.01875 0.0328125
0 0.534375 0.3359375 0.0203125 0.025
0 0.4609375 0.359375 0.021875 0.0265625
0 0.3828125 0.384375 0.021875 0.0296875
0 0.3 0.409375 0.0234375 0.0328125
0 0.234375 0.43125 0.028125 0.03125
0 0.221875 0.3625 0.0296875 0.03125
0 0.2921875 0.353125 0.021875 0.025
0 0.15 0.453125 0.0234375 0.025
0 0.14375 0.39375 0.021875 0.021875
0 0.371875 0.328125 0.0234375 0.0296875
0 0.09375 0.959375 0.0234375 0.0359375
0 0.19375 0.928125 0.03125 0.03125
0 0.95625 0.98125 0.025 0.0203125