0 0.6515625 0.1046875 0.0203125 0.0140625
0 0.46484375 0.2875 0.021875 0.015625
0 0.45546875 0.4 0.0203125 0.01875
0 0.49296875 0.43984375 0.0171875 0.015625
0 0.62578125 0.0265625 0.021875 0.0125
0 0.4828125 0.56640625 0.0140625 0.0140625
0 0.43125 0.6296875 0.0171875 0.0140625
0 0.47109375 0.6890625 0.021875 0.0171875
0 0.4203125 0.7484375 0.0265625 0.015625
0 0.02890625 0.83046875 0.025 0.01875
0 0.02109375 0.8984375 0.025 0.01875
0 0.1953125 0.8453125 0.0203125 0.0171875
0 0.78203125 0.9015625 0.025 0.015625
0 0.90703125 0.9109375 0.01875 0.0140625
0 0.4421875 0.51796875 0.01875 0.015625
0 0.7453125 0.13203125 0.0234375 0.0171875
0 0.91484375 0.128125 0.0203125 0.0171875
0 0.99375 0.0984375 0.0125 0.0125
0 0.57265625 0.13515625 0.015625 0.0125
0 0.43359375 0.05703125 0.021875 0.015625
0 0.1390625 0.04375 0.0296875 0.0203125
0 0.45625 0.13984375 0.01875 0.0234375