0 0.49375 0.46875 0.0171875 0.0203125
0 0.5375 0.5125 0.015625 0.0203125
0 0.5375 0.56875 0.0171875 0.0203125
0 0.575 0.56875 0.0171875 0.0234375
0 0.615625 0.5625 0.0265625 0.0296875
0 0.465625 0.565625 0.0140625 0.021875
0 0.490625 0.515625 0.021875 0.0234375
0 0.5390625 0.465625 0.015625 0.0203125
0 0.30625 0.578125 0.0203125 0.0203125
0 0.34375 0.578125 0.0171875 0.0203125
0 0.5265625 0.65 0.021875 0.0203125
0 0.4890625 0.65 0.0125 0.01875
0 0.4859375 0.603125 0.009375 0.0140625
0 0.45625 0.609375 0.015625 0.0171875
0 0.43125 0.571875 0.01875 0.0234375