0 0.428125 0.35078125 0.015625 0.028125
0 0.5515625 0.45859375 0.0140625 0.0203125
0 0.37734375 0.31328125 0.0140625 0.025
0 0.353125 0.28984375 0.0109375 0.0203125
0 0.325 0.26796875 0.0140625 0.0203125
0 0.29765625 0.2453125 0.0140625 0.0265625
0 0.2671875 0.22109375 0.01875 0.03125
0 0.40234375 0.33359375 0.0140625 0.025
0 0.53203125 0.4421875 0.0140625 0.025
0 0.51328125 0.4234375 0.0140625 0.025
0 0.4921875 0.409375 0.0140625 0.025
0 0.47109375 0.39375 0.0140625 0.0234375
0 0.4484375 0.3703125 0.015625 0.025
0 0.7625 0.63203125 0.015625 0.03125
0 0.74921875 0.6171875 0.0140625 0.0265625
0 0.73515625 0.6078125 0.0109375 0.0234375
0 0.71953125 0.59453125 0.0171875 0.0296875
0 0.70625 0.58046875 0.0109375 0.0234375
0 0.690625 0.571875 0.0109375 0.021875
0 0.67421875 0.55625 0.0140625 0.028125
0 0.6578125 0.5421875 0.0109375 0.0234375
0 0.64140625 0.528125 0.0125 0.0203125
0 0.625 0.5125 0.0125 0.028125
0 0.60546875 0.5046875 0.0125 0.0234375
0 0.59140625 0.4875 0.0140625 0.025
0 0.5703125 0.46953125 0.009375 0.0171875