0 0.525 0.61875 0.0078125 0.0125
0 0.271875 0.63125 0.0109375 0.0109375
0 0.159375 0.571875 0.01875 0.021875
0 0.125 0.5 0.0140625 0.021875
0 0.1078125 0.465625 0.015625 0.0171875
0 0.1625 0.45 0.0109375 0.015625
0 0.5234375 0.55625 0.00625 0.00625
0 0.546875 0.571875 0.00625 0.0078125
0 0.565625 0.5875 0.0078125 0.0078125
0 0.5984375 0.615625 0.00625 0.00625
0 0.6296875 0.696875 0.009375 0.0171875
0 0.640625 0.7328125 0.00625 0.009375
0 0.553125 0.89375 0.0109375 0.0140625
0 0.521875 0.896875 0.0109375 0.0109375
0 0.46875 0.83125 0.0125 0.0125
0 0.4109375 0.7859375 0.00625 0.009375
0 0.40625 0.753125 0.0109375 0.0171875
0 0.5 0.61875 0.0109375 0.0109375
0 0.5703125 0.6671875 0.0125 0.015625
0 0.221875 0.684375 0.0140625 0.015625
0 0.275 0.74375 0.0140625 0.0203125
0 0.3296875 0.8046875 0.01875 0.015625
0 0.38125 0.7375 0.015625 0.0203125
0 0.425 0.675 0.0125 0.0171875
0 0.4640625 0.61875 0.0125 0.0203125
0 0.503125 0.571875 0.009375 0.0140625
0 0.446875 0.528125 0.009375 0.0109375
0 0.39375 0.4875 0.009375 0.0140625
0 0.3546875 0.5359375 0.009375 0.0125
0 0.315625 0.58125 0.009375 0.0125