0 0.7328125 0.528125 0.034375 0.040625
0 0.2046875 0.56953125 0.0359375 0.0359375
0 0.2890625 0.565625 0.034375 0.0453125
0 0.3703125 0.55546875 0.0359375 0.040625
0 0.44765625 0.5484375 0.03125 0.03125
0 0.52578125 0.54765625 0.03125 0.034375
0 0.59453125 0.5390625 0.034375 0.0328125
0 0.6609375 0.5296875 0.034375 0.0359375
0 0.1859375 0.47734375 0.040625 0.0328125
0 0.2875 0.475 0.0359375 0.0484375
0 0.38046875 0.46328125 0.034375 0.0328125
0 0.4734375 0.46328125 0.034375 0.0375
0 0.55625 0.459375 0.034375 0.0375
0 0.6375 0.45625 0.04375 0.0328125
0 0.7140625 0.434375 0.04375 0.0546875
0 0.653125 0.59921875 0.0296875 0.0359375