0 0.6953125 0.4765625 0.025 0.05
0 0.6390625 0.49375 0.025 0.0515625
0 0.584375 0.484375 0.0296875 0.0515625
0 0.5265625 0.50625 0.028125 0.0484375
0 0.46875 0.515625 0.0296875 0.0515625
0 0.415625 0.5296875 0.0296875 0.04375
0 0.359375 0.521875 0.015625 0.0390625
0 0.30625 0.5296875 0.0296875 0.046875
0 0.2453125 0.534375 0.025 0.0484375
0 0.33125 0.615625 0.0234375 0.034375
0 0.2953125 0.615625 0.021875 0.0375
0 0.3 0.68125 0.0234375 0.04375
0 0.428125 0.6046875 0.0265625 0.0375
0 0.378125 0.6125 0.0203125 0.0390625
0 0.475 0.60625 0.0171875 0.0375
0 0.2359375 0.61875 0.025 0.0390625
0 0.19375 0.53125 0.0359375 0.0546875
0 0.5234375 0.596875 0.015625 0.034375
0 0.571875 0.596875 0.0234375 0.0359375
0 0.621875 0.578125 0.015625 0.0265625
0 0.671875 0.571875 0.01875 0.0328125
0 0.7125 0.56875 0.0296875 0.05625
0 0.084375 0.43125 0.0453125 0.034375