0 0.98125 0.7265625 0.0125 0.015625
0 0.9390625 0.8140625 0.0171875 0.021875
0 0.9390625 0.7359375 0.015625 0.01875
0 0.871875 0.72265625 0.0125 0.015625
0 0.8953125 0.8234375 0.0171875 0.0171875
0 0.89609375 0.7453125 0.0125 0.0171875
0 0.85390625 0.753125 0.0171875 0.01875
0 0.80625 0.7671875 0.0265625 0.021875
0 0.7625 0.775 0.025 0.01875
0 0.84765625 0.8328125 0.0265625 0.0265625
0 0.753125 0.85625 0.01875 0.0203125
0 0.79765625 0.8484375 0.01875 0.0234375
0 0.81640625 0.8828125 0.01875 0.015625
0 0.8046875 0.8984375 0.0140625 0.01875
0 0.84296875 0.971875 0.0234375 0.0234375
0 0.82421875 0.97734375 0.01875 0.0265625
0 0.790625 0.90390625 0.015625 0.01875
0 0.7703125 0.896875 0.0203125 0.0203125
0 0.721875 0.9078125 0.0203125 0.0234375
0 0.70625 0.86953125 0.0265625 0.028125
0 0.66953125 0.925 0.0203125 0.021875
0 0.65546875 0.88046875 0.0203125 0.025
0 0.61171875 0.93671875 0.0171875 0.025
0 0.6 0.89765625 0.0125 0.0203125
0 0.55625 0.95546875 0.0171875 0.0171875
0 0.5453125 0.9109375 0.0140625 0.0140625
0 0.50078125 0.9234375 0.0171875 0.015625
0 0.50859375 0.96953125 0.0359375 0.0265625
0 0.4453125 0.9859375 0.03125 0.0265625
0 0.4390625 0.9390625 0.0234375 0.025
0 0.38125 0.95546875 0.021875 0.021875
0 0.31484375 0.965625 0.0203125 0.0234375
0 0.2484375 0.98515625 0.025 0.0140625