0 0.48984375 0.4703125 0.0203125 0.021875
0 0.5390625 0.50703125 0.01875 0.021875
0 0.546875 0.5625 0.0203125 0.021875
0 0.58359375 0.5578125 0.0203125 0.025
0 0.6234375 0.54609375 0.0296875 0.0328125
0 0.475 0.56953125 0.0171875 0.0234375
0 0.49296875 0.51640625 0.025 0.0265625
0 0.53359375 0.46015625 0.01875 0.021875
0 0.31875 0.6046875 0.0234375 0.0234375
0 0.35625 0.59921875 0.0203125 0.021875
0 0.546875 0.64453125 0.025 0.0234375
0 0.51015625 0.65 0.015625 0.0203125
0 0.50078125 0.60390625 0.0109375 0.015625
0 0.471875 0.6140625 0.0171875 0.01875
0 0.4421875 0.58046875 0.021875 0.0265625