0 0.58828125 0.3015625 0.0296875 0.0234375
0 0.675 0.2671875 0.0296875 0.021875
0 0.67734375 0.2046875 0.0265625 0.0203125
0 0.65 0.1484375 0.021875 0.01875
0 0.59921875 0.09375 0.021875 0.0171875
0 0.42578125 0.10234375 0.0234375 0.0171875
0 0.56328125 0.61484375 0.03125 0.025
0 0.52890625 0.5234375 0.025 0.021875
0 0.46171875 0.4453125 0.028125 0.0171875
0 0.33515625 0.42265625 0.0265625 0.01875
0 0.56796875 0.72421875 0.034375 0.0265625
0 0.2359375 0.665625 0.0359375 0.025
0 0.23125 0.471875 0.0296875 0.0234375
0 0.21328125 0.5640625 0.0296875 0.025
0 0.47578125 0.28046875 0.0375 0.025
0 0.45 0.79609375 0.0375 0.0265625
0 0.30234375 0.76796875 0.0328125 0.025
0 0.115625 0.27109375 0.0515625 0.0375
0 0.02890625 0.28984375 0.021875 0.028125
0 0.17109375 0.2203125 0.0390625 0.0375
0 0.18046875 0.16171875 0.0296875 0.0265625
0 0.1921875 0.1125 0.03125 0.028125
0 0.16171875 0.071875 0.03125 0.025
0 0.08203125 0.05078125 0.0203125 0.01875