0 0.71484375 0.34609375 0.0203125 0.021875
0 0.86875 0.35703125 0.028125 0.0296875
0 0.86796875 0.3171875 0.025 0.025
0 0.71484375 0.3109375 0.034375 0.0328125
0 0.575 0.34296875 0.0234375 0.0296875
0 0.45546875 0.34296875 0.021875 0.034375
0 0.35390625 0.34453125 0.01875 0.0203125
0 0.259375 0.346875 0.01875 0.021875
0 0.27109375 0.4015625 0.0140625 0.0203125
0 0.278125 0.44765625 0.0234375 0.0234375
0 0.29296875 0.515625 0.01875 0.0265625
0 0.31015625 0.57734375 0.0203125 0.021875
0 0.34296875 0.6765625 0.015625 0.01875
0 0.36484375 0.73671875 0.0125 0.0109375
0 0.3265625 0.65546875 0.0171875 0.01875
0 0.28828125 0.55078125 0.0171875 0.0234375
0 0.2734375 0.4875 0.021875 0.0265625
0 0.265625 0.44453125 0.01875 0.025
0 0.25625 0.3953125 0.0125 0.0140625
0 0.24375 0.3453125 0.0171875 0.0203125
0 0.259375 0.296875 0.0171875 0.0171875
0 0.23984375 0.26796875 0.0140625 0.015625
0 0.2625 0.21484375 0.0171875 0.0203125
0 0.25703125 0.19296875 0.015625 0.0203125
0 0.20078125 0.35234375 0.01875 0.0203125
0 0.15546875 0.3578125 0.0171875 0.01875
0 0.11953125 0.3625 0.0203125 0.0234375
0 0.08046875 0.3671875 0.01875 0.0234375
0 0.0640625 0.365625 0.0140625 0.0171875
0 0.196875 0.3234375 0.021875 0.025
0 0.23828125 0.321875 0.0234375 0.01875
0 0.2578125 0.31953125 0.009375 0.0125
0 0.15078125 0.33203125 0.0109375 0.0140625
0 0.1109375 0.33828125 0.0171875 0.0171875
0 0.0765625 0.34296875 0.0140625 0.0140625
0 0.059375 0.34453125 0.0125 0.015625
0 0.0421875 0.334375 0.009375 0.009375
0 0.0453125 0.34765625 0.0078125 0.009375
0 0.03671875 0.34296875 0.00625 0.0125
0 0.57734375 0.31484375 0.0296875 0.025
0 0.45703125 0.31171875 0.021875 0.03125
0 0.35 0.31484375 0.0203125 0.0296875