0 0.290625 0.540625 0.0109375 0.009375
0 0.24375 0.53125 0.0078125 0.0109375
0 0.221875 0.53125 0.0078125 0.0078125
0 0.1984375 0.5265625 0.009375 0.0125
0 0.178125 0.521875 0.009375 0.009375
0 0.153125 0.51875 0.0078125 0.0140625
0 0.184375 0.5453125 0.0078125 0.009375
0 0.3125 0.515625 0.0109375 0.009375
0 0.284375 0.5125 0.0078125 0.0109375
0 0.259375 0.5109375 0.0109375 0.009375
0 0.23125 0.50625 0.0109375 0.0109375
0 0.20625 0.503125 0.009375 0.009375
0 0.18125 0.5 0.0140625 0.0140625
0 0.153125 0.49375 0.0140625 0.0125
0 0.26875 0.5375 0.0109375 0.009375
0 0.3171875 0.5421875 0.009375 0.0125
0 0.540625 0.5171875 0.0171875 0.0171875
0 0.5578125 0.5453125 0.01875 0.015625
0 0.590625 0.5671875 0.0171875 0.0171875
0 0.5921875 0.5421875 0.0109375 0.0140625
0 0.5703125 0.5140625 0.015625 0.0171875
0 0.6046875 0.5109375 0.0125 0.01875
0 0.6359375 0.509375 0.0203125 0.015625
0 0.6109375 0.540625 0.0171875 0.01875
0 0.6421875 0.5359375 0.015625 0.0171875
0 0.66875 0.534375 0.0140625 0.01875
0 0.665625 0.503125 0.0171875 0.0171875
0 0.696875 0.496875 0.015625 0.0203125
0 0.696875 0.5296875 0.0140625 0.0171875
0 0.725 0.5265625 0.015625 0.0171875
0 0.7265625 0.4953125 0.015625 0.021875
0 0.7578125 0.4875 0.01875 0.01875
0 0.790625 0.48125 0.015625 0.0171875
0 0.821875 0.4765625 0.0140625 0.021875
0 0.8296875 0.50625 0.015625 0.021875
0 0.8046875 0.5109375 0.0171875 0.0171875
0 0.778125 0.5171875 0.01875 0.0140625
0 0.753125 0.5203125 0.0171875 0.01875
0 0.475 0.490625 0.028125 0.03125
0 0.5140625 0.8890625 0.0234375 0.021875