0 0.75546875 0.8609375 0.0203125 0.0265625
0 0.67421875 0.84375 0.03125 0.0390625
0 0.57421875 0.82421875 0.0375 0.0375
0 0.4796875 0.796875 0.03125 0.040625
0 0.39296875 0.78046875 0.0375 0.05
0 0.2953125 0.7546875 0.028125 0.04375
0 0.64609375 0.91953125 0.0265625 0.0359375
0 0.64453125 0.9703125 0.034375 0.0296875
0 0.4484375 0.9234375 0.028125 0.0375
0 0.44765625 0.871875 0.0265625 0.0328125
0 0.3015625 0.88671875 0.03125 0.0359375
0 0.3078125 0.83359375 0.0328125 0.028125
0 0.21640625 0.80859375 0.0203125 0.034375
0 0.20703125 0.85703125 0.0171875 0.021875
0 0.0703125 0.91171875 0.0359375 0.0421875
0 0.08984375 0.77734375 0.0296875 0.0296875
0 0.13203125 0.70859375 0.0421875 0.05
0 0.2234375 0.73359375 0.0390625 0.0421875
0 0.29765625 0.63359375 0.03125 0.034375
0 0.31875 0.5265625 0.0375 0.0359375
0 0.33671875 0.42890625 0.04375 0.04375
0 0.30390625 0.415625 0.0375 0.0375
0 0.284375 0.5140625 0.03125 0.0328125
0 0.31796875 0.32421875 0.028125 0.0359375
0 0.296875 0.3046875 0.0359375 0.0265625
0 0.225 0.29765625 0.021875 0.0265625
0 0.14765625 0.28203125 0.034375 0.0328125
0 0.075 0.2703125 0.0234375 0.0265625
0 0.0078125 0.2609375 0.015625 0.025
0 0.01875 0.209375 0.0265625 0.04375
0 0.0875 0.2203125 0.0296875 0.0375
0 0.16171875 0.23125 0.0265625 0.034375
0 0.23203125 0.24296875 0.0265625 0.040625
0 0.309375 0.25546875 0.0265625 0.0296875
0 0.3328125 0.240625 0.028125 0.0375
0 0.32734375 0.15625 0.021875 0.028125
0 0.1140625 0.12734375 0.028125 0.034375
0 0.046875 0.11484375 0.0265625 0.034375
0 0.0140625 0.0671875 0.028125 0.025
0 0.13984375 0.08125 0.0359375 0.03125
0 0.3453125 0.109375 0.0359375 0.0359375
0 0.72734375 0.09609375 0.01875 0.0171875
0 0.65390625 0.0859375 0.0234375 0.0234375
0 0.58359375 0.07734375 0.0234375 0.0234375
0 0.52421875 0.06875 0.034375 0.028125
0 0.45234375 0.06171875 0.028125 0.0203125
0 0.384375 0.0484375 0.01875 0.0203125
0 0.3109375 0.03828125 0.025 0.0171875
0 0.3921875 0.1734375 0.021875 0.0234375
0 0.4625 0.18046875 0.0265625 0.04375
0 0.53515625 0.19375 0.0234375 0.0234375
0 0.61328125 0.20546875 0.03125 0.0296875
0 0.6921875 0.21796875 0.0203125 0.0265625
0 0.7546875 0.2265625 0.025 0.0359375
0 0.83125 0.2390625 0.028125 0.034375
0 0.9171875 0.25390625 0.0265625 0.0359375
0 0.9203125 0.1921875 0.028125 0.03125
0 0.76328125 0.16875 0.025 0.0265625
0 0.92734375 0.3625 0.0234375 0.0265625
0 0.92578125 0.42890625 0.03125 0.034375
0 0.53203125 0.29765625 0.03125 0.0296875
0 0.45546875 0.29140625 0.0359375 0.0359375
0 0.378125 0.27578125 0.01875 0.0234375
0 0.365625 0.32734375 0.021875 0.034375
0 0.44609375 0.34140625 0.0234375 0.0265625
0 0.521875 0.35546875 0.025 0.0296875
0 0.60234375 0.37109375 0.025 0.0328125
0 0.6875 0.3859375 0.0265625 0.0359375
0 0.75546875 0.39921875 0.03125 0.034375
0 0.759375 0.3296875 0.0328125 0.034375
0 0.68828125 0.32890625 0.025 0.028125
0 0.84140625 0.4109375 0.0265625 0.028125
0 0.840625 0.35078125 0.025 0.025
0 0.60625 0.3140625 0.0265625 0.0328125
0 0.959375 0.90625 0.028125 0.0390625
0 0.85625 0.8875 0.034375 0.034375