0 0.5515625 0.59609375 0.0390625 0.0375
0 0.36875 0.68046875 0.028125 0.0296875
0 0.534375 0.73828125 0.046875 0.0515625
0 0.3703125 0.04609375 0.025 0.0171875
0 0.0328125 0.2171875 0.01875 0.015625
0 0.44375 0.0171875 0.040625 0.025
0 0.0625 0.196875 0.0203125 0.015625
0 0.09765625 0.18046875 0.0234375 0.021875
0 0.1421875 0.15390625 0.028125 0.021875
0 0.1875 0.13046875 0.021875 0.01875
0 0.24140625 0.1015625 0.0296875 0.021875
0 0.296875 0.07890625 0.0328125 0.025
0 0.01328125 0.290625 0.0171875 0.0203125
0 0.0390625 0.3390625 0.015625 0.015625
0 0.0671875 0.38125 0.021875 0.0203125
0 0.5546875 0.42578125 0.053125 0.0421875
0 0.39296875 0.40234375 0.04375 0.0296875
0 0.26015625 0.40703125 0.046875 0.0265625
0 0.153125 0.41328125 0.0265625 0.0265625
0 0.259375 0.71171875 0.0265625 0.0296875
0 0.640625 0.77734375 0.028125 0.0328125
0 0.72421875 0.76875 0.040625 0.0296875
0 0.89765625 0.75234375 0.05 0.040625
0 0.8015625 0.75703125 0.0421875 0.0359375