0 0.478125 0.3375 0.0421875 0.034375
0 0.6765625 0.409375 0.0515625 0.0328125
0 0.7640625 0.440625 0.046875 0.0296875
0 0.85 0.465625 0.03125 0.0328125
0 0.928125 0.4921875 0.025 0.0203125
0 0.9890625 0.50625 0.0203125 0.025
0 0.4140625 0.1796875 0.0421875 0.04375
0 0.36875 0.271875 0.0296875 0.0359375
0 0.33125 0.35625 0.0390625 0.046875
0 0.3015625 0.421875 0.0421875 0.034375
0 0.28125 0.634375 0.01875 0.03125
0 0.1203125 0.7546875 0.0203125 0.0234375
0 0.1765625 0.8140625 0.0171875 0.0234375
0 0.175 0.85625 0.0265625 0.028125
0 0.234375 0.828125 0.0375 0.0265625
0 0.3578125 0.6515625 0.034375 0.0375
0 0.4375 0.6796875 0.0375 0.03125
0 0.353125 0.8515625 0.025 0.0296875
0 0.4125 0.8578125 0.03125 0.0328125
0 0.759375 0.725 0.03125 0.0359375
0 0.8125 0.7375 0.021875 0.0296875
0 0.859375 0.7328125 0.0171875 0.0265625