0 0.4765625 0.140625 0.0359375 0.0234375
0 0.425 0.1625 0.028125 0.025
0 0.375 0.1828125 0.0375 0.025
0 0.325 0.2015625 0.04375 0.021875
0 0.278125 0.221875 0.0453125 0.028125
0 0.2328125 0.24375 0.040625 0.0203125
0 0.7765625 0.4015625 0.0328125 0.034375
0 0.8515625 0.384375 0.04375 0.015625
0 0.903125 0.3765625 0.040625 0.0359375
0 0.965625 0.3625 0.0375 0.0265625
0 0.9296875 0.0703125 0.0296875 0.0234375
0 0.7515625 0.0515625 0.0171875 0.01875
0 0.796875 0.04375 0.0328125 0.021875
0 0.6515625 0.071875 0.034375 0.0171875
0 0.6234375 0.1296875 0.0234375 0.025
0 0.4046875 0.040625 0.0359375 0.025
0 0.23125 0.11875 0.0390625 0.0234375
0 0.5875 0.015625 0.03125 0.03125
1 0.834375 0.478125 0.125 0.1375
1 0.71875 0.49375 0.140625 0.14375
1 0.64375 0.6015625 0.0984375 0.10625