0 0.596875 0.475 0.03125 0.034375
0 0.65 0.5203125 0.01875 0.021875
0 0.6890625 0.5640625 0.0203125 0.025
0 0.7234375 0.6046875 0.0296875 0.025
0 0.8046875 0.6703125 0.025 0.0203125
0 0.840625 0.7015625 0.0171875 0.01875
0 0.8703125 0.734375 0.015625 0.0234375
0 0.940625 0.6921875 0.025 0.0265625
0 0.96875 0.6234375 0.028125 0.025
0 0.921875 0.625 0.0296875 0.0265625
0 0.9109375 0.6546875 0.0265625 0.021875
0 0.93125 0.7875 0.015625 0.0234375
0 0.9515625 0.8171875 0.0203125 0.015625
0 0.6125 0.6890625 0.06875 0.0265625
0 0.059375 0.1890625 0.0203125 0.0171875
0 0.0859375 0.171875 0.0171875 0.0109375
0 0.04375 0.2171875 0.0203125 0.025
0 0.259375 0.125 0.028125 0.03125
0 0.50625 0.703125 0.01875 0.0171875
0 0.53125 0.7 0.0234375 0.0171875
0 0.4890625 0.709375 0.0171875 0.0203125