0 0.925 0.46328125 0.0359375 0.0359375
0 0.890625 0.56640625 0.0296875 0.0296875
0 0.86171875 0.64140625 0.0265625 0.0265625
0 0.8328125 0.71953125 0.0265625 0.0296875
0 0.68984375 0.76171875 0.028125 0.025
0 0.57578125 0.72734375 0.0296875 0.028125
0 0.33671875 0.653125 0.03125 0.0328125
0 0.209375 0.6203125 0.034375 0.034375
0 0.1015625 0.48984375 0.03125 0.0296875
0 0.12421875 0.390625 0.03125 0.028125
0 0.15390625 0.28984375 0.0328125 0.0328125
0 0.44609375 0.27578125 0.0265625 0.0296875
0 0.6921875 0.346875 0.03125 0.0296875
0 0.815625 0.38359375 0.0265625 0.021875