0 0.5734375 0.90625 0.0390625 0.0421875
0 0.078125 0.9390625 0.04375 0.0453125
0 0.44140625 0.23046875 0.0421875 0.04375
0 0.13828125 0.2453125 0.053125 0.046875
0 0.1015625 0.39296875 0.0390625 0.0390625
0 0.509375 0.36796875 0.0328125 0.0296875
0 0.1875 0.51953125 0.03125 0.025
0 0.25234375 0.56171875 0.0234375 0.0234375
0 0.45390625 0.49765625 0.05 0.025
0 0.41640625 0.53984375 0.025 0.021875
0 0.54765625 0.53203125 0.0296875 0.0296875
0 0.71875 0.5140625 0.0296875 0.028125
0 0.834375 0.5046875 0.015625 0.01875