0 0.2296875 0.33359375 0.046875 0.040625
0 0.0984375 0.47265625 0.0453125 0.028125
0 0.165625 0.44609375 0.053125 0.0296875
0 0.23203125 0.51875 0.0453125 0.0453125
0 0.2921875 0.5 0.0453125 0.0359375
0 0.16796875 0.54453125 0.05 0.0328125
0 0.03046875 0.5 0.0375 0.0234375
0 0.0421875 0.5953125 0.0375 0.0359375
0 0.43125 0.61484375 0.01875 0.01875
0 0.4328125 0.6390625 0.0296875 0.0171875
0 0.47421875 0.68671875 0.0375 0.053125
0 0.5140625 0.73046875 0.0359375 0.03125
0 0.57578125 0.80390625 0.04375 0.05625
0 0.44765625 0.33671875 0.059375 0.05
0 0.828125 0.17265625 0.0625 0.0515625
0 0.678125 0.24296875 0.03125 0.0265625
0 0.60234375 0.27265625 0.0421875 0.0328125