0 0.2953125 0.2453125 0.0359375 0.0375
0 0.509375 0.328125 0.0328125 0.040625
0 0.1984375 0.3390625 0.0390625 0.021875
0 0.1265625 0.34375 0.028125 0.025
0 0.04375 0.43125 0.0296875 0.01875
0 0.171875 0.428125 0.0375 0.0328125
0 0.240625 0.428125 0.040625 0.0328125
0 0.45 0.4234375 0.03125 0.0234375
0 0.5171875 0.421875 0.021875 0.01875
0 0.384375 0.4265625 0.0203125 0.0203125
0 0.359375 0.3390625 0.0203125 0.0234375
0 0.9234375 0.3109375 0.0359375 0.0296875
0 0.75 0.3171875 0.021875 0.01875
0 0.66875 0.325 0.0296875 0.0234375
0 0.590625 0.41875 0.0171875 0.0203125
0 0.6640625 0.4125 0.025 0.0203125
0 0.39375 0.5953125 0.0203125 0.0390625
0 0.4125 0.6671875 0.028125 0.04375
0 0.4328125 0.721875 0.0328125 0.0234375
0 0.4484375 0.7625 0.01875 0.0296875
0 0.30625 0.4234375 0.0359375 0.025