0 0.59375 0.46484375 0.034375 0.0375
0 0.6515625 0.5046875 0.0203125 0.0234375
0 0.69453125 0.54375 0.0234375 0.0265625
0 0.7328125 0.58046875 0.0328125 0.028125
0 0.82109375 0.6375 0.0265625 0.0234375
0 0.86015625 0.66484375 0.01875 0.0203125
0 0.89296875 0.69453125 0.01875 0.025
0 0.95859375 0.6453125 0.028125 0.0296875
0 0.97890625 0.5734375 0.03125 0.028125
0 0.9328125 0.58046875 0.0328125 0.0296875
0 0.925 0.6109375 0.028125 0.025
0 0.95859375 0.740625 0.01875 0.025
0 0.98203125 0.76796875 0.021875 0.0171875
0 0.63203125 0.6765625 0.071875 0.034375
0 0.02890625 0.23671875 0.021875 0.01875
0 0.05390625 0.2171875 0.01875 0.0125
0 0.01640625 0.26640625 0.0234375 0.0265625
0 0.221875 0.15234375 0.03125 0.034375
0 0.52734375 0.7015625 0.0203125 0.01875
0 0.55234375 0.6953125 0.025 0.0203125
0 0.5109375 0.709375 0.01875 0.021875