0 0.2859375 0.265625 0.0453125 0.0390625
0 0.121875 0.3625 0.04375 0.0265625
0 0.19296875 0.35625 0.0515625 0.0265625
0 0.2375 0.44375 0.0421875 0.0421875
0 0.3 0.44296875 0.04375 0.034375
0 0.16875 0.45078125 0.05 0.0296875
0 0.0484375 0.37109375 0.0359375 0.0203125
0 0.03359375 0.46484375 0.0359375 0.034375
0 0.40234375 0.5921875 0.0171875 0.0171875
0 0.396875 0.61484375 0.0296875 0.015625
0 0.4234375 0.67265625 0.034375 0.0515625
0 0.44921875 0.72578125 0.034375 0.0296875
0 0.4890625 0.81328125 0.040625 0.0546875
0 0.49453125 0.328125 0.0578125 0.046875
0 0.90546875 0.27578125 0.0609375 0.0484375
0 0.7421875 0.30234375 0.0296875 0.025
0 0.66171875 0.309375 0.040625 0.0296875