0 0.59921875 0.48671875 0.0359375 0.0375
0 0.64609375 0.53828125 0.021875 0.0234375
0 0.6796875 0.58671875 0.0234375 0.0265625
0 0.709375 0.63125 0.0328125 0.028125
0 0.78203125 0.70625 0.0265625 0.0234375
0 0.81328125 0.74140625 0.01875 0.0203125
0 0.8390625 0.778125 0.01875 0.025
0 0.9140625 0.74453125 0.028125 0.0296875
0 0.95 0.6796875 0.03125 0.028125
0 0.903125 0.67578125 0.0328125 0.0296875
0 0.8890625 0.70390625 0.0296875 0.025
0 0.89296875 0.83828125 0.01875 0.025
0 0.909375 0.86953125 0.021875 0.01875
0 0.58828125 0.7015625 0.071875 0.034375
0 0.10078125 0.1375 0.021875 0.0203125
0 0.12890625 0.12421875 0.01875 0.0125
0 0.08125 0.1640625 0.0234375 0.0265625
0 0.30703125 0.0984375 0.03125 0.034375
0 0.48125 0.70234375 0.0203125 0.01875
0 0.50703125 0.70234375 0.025 0.0203125
0 0.46328125 0.70625 0.0203125 0.021875