0 0.24296875 0.29765625 0.04375 0.0453125
0 0.4703125 0.33046875 0.040625 0.046875
0 0.1703125 0.4109375 0.04375 0.0296875
0 0.10078125 0.43203125 0.0328125 0.03125
0 0.03984375 0.5359375 0.0328125 0.025
0 0.1640625 0.50390625 0.04375 0.040625
0 0.23125 0.48828125 0.046875 0.040625
0 0.434375 0.43671875 0.0359375 0.0296875
0 0.49921875 0.4203125 0.025 0.0234375
0 0.37109375 0.4546875 0.025 0.025
0 0.3265625 0.375 0.025 0.028125
0 0.8703125 0.2203125 0.0421875 0.0375
0 0.70234375 0.265625 0.025 0.0234375
0 0.625 0.29140625 0.034375 0.0296875
0 0.5703125 0.40078125 0.021875 0.0234375
0 0.63984375 0.378125 0.0296875 0.025
0 0.41796875 0.61640625 0.028125 0.0421875
0 0.45234375 0.6828125 0.0375 0.0484375
0 0.484375 0.73125 0.0375 0.0296875
0 0.50859375 0.7671875 0.025 0.0328125
0 0.29375 0.46875 0.040625 0.0328125