0 0.103125 0.38125 0.025 0.0265625
0 0.1796875 0.4046875 0.0234375 0.015625
0 0.2203125 0.4125 0.0265625 0.025
0 0.065625 0.26875 0.0234375 0.028125
0 0.0546875 0.2 0.0203125 0.028125
0 0.0453125 0.1328125 0.0171875 0.025
0 0.0453125 0.3765625 0.021875 0.0203125
0 0.3015625 0.44375 0.021875 0.021875
0 0.08125 0.4484375 0.0265625 0.015625
0 0.3890625 0.4671875 0.0171875 0.021875
0 0.6953125 0.55 0.0140625 0.0171875
0 0.9328125 0.6078125 0.028125 0.01875
0 0.9671875 0.6984375 0.0296875 0.03125
0 0.940625 0.7671875 0.025 0.034375