0 0.5796875 0.1484375 0.0390625 0.028125
0 0.6265625 0.178125 0.03125 0.0296875
0 0.6734375 0.20625 0.040625 0.03125
0 0.71953125 0.2328125 0.046875 0.028125
0 0.7625 0.26015625 0.0484375 0.034375
0 0.80390625 0.2890625 0.04375 0.0265625
0 0.2421875 0.359375 0.0375 0.0390625
0 0.17109375 0.33046875 0.0453125 0.021875
0 0.12109375 0.31484375 0.0453125 0.0421875
0 0.06171875 0.29140625 0.040625 0.0328125
0 0.14296875 0.0109375 0.0328125 0.021875
0 0.321875 0.01796875 0.0203125 0.021875
0 0.27734375 0.0078125 0.0359375 0.015625
0 0.4171875 0.053125 0.0359375 0.021875
0 0.4359375 0.11484375 0.0265625 0.028125
0 0.665625 0.0609375 0.0390625 0.0296875
0 0.825 0.165625 0.0421875 0.0296875
0 0.48828125 0.0125 0.0359375 0.025
1 0.1734375 0.42578125 0.1453125 0.1546875
1 0.28515625 0.459375 0.1609375 0.1640625
1 0.3421875 0.578125 0.1140625 0.1203125