0 0.340625 0.16328125 0.0109375 0.009375
0 0.19921875 0.13125 0.0125 0.009375
0 0.4609375 0.25859375 0.0125 0.0078125
0 0.43125 0.35625 0.0125 0.0109375
0 0.3765625 0.37421875 0.009375 0.0078125
0 0.34921875 0.3828125 0.0109375 0.0078125
0 0.325 0.3609375 0.009375 0.009375
0 0.36328125 0.33515625 0.009375 0.00625
0 0.4125 0.41640625 0.009375 0.0078125
0 0.38203125 0.42734375 0.009375 0.009375
0 0.378125 0.4 0.0078125 0.0078125
0 0.3140625 0.3859375 0.0078125 0.0078125
0 0.28984375 0.40859375 0.009375 0.0078125
0 0.29375 0.4390625 0.0078125 0.0078125
0 0.3234375 0.4578125 0.0078125 0.00625
0 0.359375 0.45234375 0.0109375 0.0109375
0 0.39296875 0.48671875 0.009375 0.009375
0 0.34375 0.60625 0.00625 0.0078125
0 0.2828125 0.59296875 0.0109375 0.009375
0 0.21953125 0.58359375 0.0125 0.009375
0 0.15546875 0.56953125 0.0125 0.009375
0 0.09375 0.5578125 0.0125 0.0109375
0 0.03125 0.54609375 0.009375 0.0109375