1 0.69375 0.71875 0.0390625 0.040625
1 0.6375 0.528125 0.0328125 0.046875
1 0.5375 0.628125 0.034375 0.0421875
1 0.478125 0.678125 0.0328125 0.0421875
1 0.409375 0.46875 0.0203125 0.03125
1 0.746875 0.525 0.0359375 0.0421875
1 0.665625 0.3984375 0.05625 0.0375
1 0.559375 0.40625 0.025 0.0390625
1 0.5296875 0.4 0.025 0.0328125
1 0.521875 0.4375 0.0265625 0.0390625
1 0.521875 0.4828125 0.0265625 0.034375
1 0.475 0.3609375 0.0203125 0.03125
1 0.409375 0.390625 0.025 0.0390625
1 0.396875 0.5 0.0375 0.0375
1 0.428125 0.734375 0.0328125 0.03125
1 0.53125 0.703125 0.0328125 0.0375
1 0.4953125 0.478125 0.025 0.0359375