1 0.53125 0.78125 0.0546875 0.0671875
1 0.79375 0.371875 0.046875 0.0546875
1 0.746875 0.24375 0.0296875 0.0453125
1 0.803125 0.3171875 0.0234375 0.0375
1 0.659375 0.23125 0.090625 0.1046875
1 0.271875 0.284375 0.0359375 0.0390625
1 0.20625 0.4296875 0.0703125 0.040625
1 0.5125 0.4875 0.08125 0.05
1 0.540625 0.61875 0.1546875 0.18125
1 0.8125 0.578125 0.10625 0.1078125
1 0.671875 0.5453125 0.1140625 0.09375
1 0.653125 0.909375 0.0453125 0.0640625
1 0.415625 0.8921875 0.0234375 0.0375
1 0.2984375 0.61875 0.090625 0.15
1 0.7 0.6859375 0.0609375 0.09375