1 0.5359375 0.78046875 0.05625 0.06875
1 0.79140625 0.36640625 0.0484375 0.05625
1 0.7421875 0.23984375 0.03125 0.0453125
1 0.8 0.31171875 0.0234375 0.0375
1 0.6546875 0.228125 0.0921875 0.10625
1 0.26796875 0.28828125 0.0359375 0.0390625
1 0.2046875 0.43515625 0.0703125 0.0421875
1 0.5125 0.4875 0.0828125 0.0515625
1 0.54296875 0.61796875 0.1578125 0.184375
1 0.8140625 0.57265625 0.1078125 0.109375
1 0.67265625 0.5421875 0.115625 0.0953125
1 0.66015625 0.90625 0.046875 0.0640625
1 0.42265625 0.89375 0.0234375 0.0375
1 0.30078125 0.621875 0.09375 0.1515625
1 0.703125 0.68203125 0.0625 0.0953125