0 0.678125 0.846875 0.0171875 0.0140625
0 0.725 0.8625 0.0109375 0.0109375
0 0.7609375 0.8421875 0.0109375 0.0140625
0 0.771875 0.7984375 0.0140625 0.0109375
0 0.7453125 0.75625 0.0109375 0.0125
0 0.7328125 0.7171875 0.015625 0.0078125
0 0.6734375 0.7203125 0.0109375 0.0109375
0 0.7015625 0.7421875 0.015625 0.0125
0 0.6671875 0.759375 0.015625 0.0109375
0 0.6546875 0.8015625 0.0171875 0.015625
0 0.621875 0.7765625 0.0125 0.0140625
0 0.6109375 0.675 0.0171875 0.0171875
0 0.69375 0.6640625 0.0109375 0.0140625
0 0.6 0.5953125 0.015625 0.01875
0 0.590625 0.5203125 0.0140625 0.0125
0 0.5875 0.4234375 0.01875 0.0109375
0 0.734375 0.4171875 0.0203125 0.0109375
0 0.9015625 0.40625 0.015625 0.0109375