0 0.0484375 0.5953125 0.00625 0.0078125
0 0.115625 0.59765625 0.00625 0.0078125
0 0.18125 0.60078125 0.0078125 0.0078125
0 0.2484375 0.6015625 0.00625 0.0078125
0 0.3140625 0.6 0.0078125 0.0078125
0 0.378125 0.60234375 0.0078125 0.0078125
0 0.60625 0.5953125 0.009375 0.0078125
0 0.40546875 0.475 0.0078125 0.00625
0 0.4125 0.4015625 0.0078125 0.00625
0 0.41875 0.3390625 0.00625 0.0046875
0 0.29140625 0.16796875 0.00625 0.0046875
0 0.42578125 0.175 0.0046875 0.003125
0 0.4296875 0.2390625 0.0046875 0.0046875
0 0.36484375 0.44609375 0.0078125 0.00625
0 0.32890625 0.45625 0.0078125 0.00625
0 0.29453125 0.44296875 0.00625 0.00625
0 0.2859375 0.41484375 0.00625 0.00625
0 0.3046875 0.3890625 0.00625 0.0046875
0 0.34140625 0.3796875 0.00625 0.0046875
0 0.371875 0.39140625 0.00625 0.00625
0 0.3828125 0.41796875 0.0078125 0.00625
0 0.31171875 0.3625 0.00625 0.0046875
0 0.36640625 0.36484375 0.0046875 0.003125
0 0.346875 0.32890625 0.0046875 0.0046875
0 0.14375 0.159375 0.0046875 0.0046875