0 0.925 0.6796875 0.0078125 0.009375
0 0.85859375 0.66953125 0.0078125 0.009375
0 0.79375 0.659375 0.009375 0.009375
0 0.728125 0.6484375 0.0078125 0.009375
0 0.66328125 0.63359375 0.009375 0.009375
0 0.6 0.62421875 0.009375 0.009375
0 0.37734375 0.5734375 0.0109375 0.009375
0 0.59765625 0.49375 0.009375 0.0078125
0 0.6046875 0.4203125 0.009375 0.0078125
0 0.6109375 0.3578125 0.00625 0.00625
0 0.76796875 0.2140625 0.00625 0.00625
0 0.634375 0.1953125 0.0046875 0.003125
0 0.61875 0.2578125 0.0046875 0.0046875
0 0.64296875 0.47265625 0.009375 0.0078125
0 0.6765625 0.48984375 0.009375 0.0078125
0 0.7125 0.48359375 0.0078125 0.0078125
0 0.7265625 0.4578125 0.0078125 0.0078125
0 0.7125 0.428125 0.00625 0.00625
0 0.67890625 0.4125 0.00625 0.00625
0 0.64609375 0.41796875 0.0078125 0.0078125
0 0.63046875 0.4421875 0.009375 0.0078125
0 0.7109375 0.40078125 0.00625 0.00625
0 0.65703125 0.39296875 0.0046875 0.003125
0 0.6828125 0.3609375 0.0046875 0.0046875
0 0.91484375 0.23359375 0.0046875 0.0046875