0 0.4109375 0.8796875 0.0203125 0.0171875
0 0.36953125 0.90625 0.0125 0.0125
0 0.3296875 0.8953125 0.0140625 0.015625
0 0.30859375 0.85546875 0.015625 0.0140625
0 0.32421875 0.8078125 0.0140625 0.0140625
0 0.3265625 0.7671875 0.0171875 0.0109375
0 0.38515625 0.75546875 0.0125 0.0125
0 0.36328125 0.78359375 0.01875 0.015625
0 0.40078125 0.7921875 0.0171875 0.0140625
0 0.42265625 0.8296875 0.0203125 0.01875
0 0.4484375 0.79765625 0.015625 0.0171875
0 0.434375 0.696875 0.0203125 0.0203125
0 0.3515625 0.70625 0.0140625 0.015625
0 0.42578125 0.61640625 0.0203125 0.021875
0 0.4171875 0.54140625 0.0171875 0.015625
0 0.396875 0.446875 0.0203125 0.015625
0 0.25234375 0.4765625 0.021875 0.015625
0 0.0875 0.50625 0.0171875 0.0140625