0 0.403125 0.365625 0.0109375 0.0265625
0 0.54375 0.45 0.0109375 0.01875
0 0.346875 0.3375 0.0109375 0.0234375
0 0.31875 0.31875 0.0078125 0.01875
0 0.2875 0.3015625 0.0109375 0.01875
0 0.25625 0.284375 0.009375 0.025
0 0.221875 0.265625 0.0140625 0.0296875
0 0.375 0.353125 0.0109375 0.0234375
0 0.521875 0.4375 0.0109375 0.0234375
0 0.5 0.421875 0.009375 0.0234375
0 0.4765625 0.4125 0.009375 0.0234375
0 0.453125 0.4 0.0109375 0.021875
0 0.4265625 0.38125 0.0125 0.0234375
0 0.78125 0.584375 0.0109375 0.0296875
0 0.765625 0.571875 0.009375 0.025
0 0.75 0.565625 0.00625 0.0234375
0 0.7328125 0.5546875 0.0125 0.028125
0 0.7171875 0.54375 0.00625 0.0234375
0 0.7 0.5375 0.0078125 0.0203125
0 0.68125 0.525 0.009375 0.0265625
0 0.6625 0.5140625 0.0078125 0.021875
0 0.64375 0.503125 0.009375 0.01875
0 0.625 0.490625 0.0078125 0.0265625
0 0.6046875 0.4859375 0.009375 0.021875
0 0.5875 0.471875 0.0109375 0.0234375
0 0.5640625 0.4578125 0.00625 0.015625