0 0.98671875 0.60546875 0.0203125 0.021875
0 0.91875 0.6109375 0.015625 0.01875
0 0.96875 0.7015625 0.0203125 0.0203125
0 0.9484375 0.6265625 0.015625 0.0203125
0 0.91015625 0.64609375 0.021875 0.021875
0 0.86796875 0.67265625 0.03125 0.0265625
0 0.828125 0.6921875 0.028125 0.0234375
0 0.9265625 0.72421875 0.0296875 0.0296875
0 0.84140625 0.77265625 0.0234375 0.025
0 0.88203125 0.75234375 0.021875 0.0265625
0 0.91015625 0.78125 0.021875 0.0203125
0 0.903125 0.79921875 0.01875 0.021875
0 0.96015625 0.85859375 0.0265625 0.028125
0 0.94296875 0.86953125 0.0234375 0.0296875
0 0.890625 0.80859375 0.0203125 0.021875
0 0.86953125 0.80703125 0.025 0.025
0 0.82578125 0.83125 0.0234375 0.0265625
0 0.8 0.7984375 0.03125 0.03125
0 0.78046875 0.86171875 0.025 0.0265625
0 0.7546875 0.82265625 0.025 0.028125
0 0.72734375 0.8890625 0.021875 0.028125
0 0.70625 0.8546875 0.0171875 0.0234375
0 0.6796875 0.92265625 0.0203125 0.0203125
0 0.65703125 0.8828125 0.0171875 0.0171875
0 0.61796875 0.90703125 0.0203125 0.01875
0 0.6375 0.9484375 0.0390625 0.0328125
0 0.58125 0.98203125 0.034375 0.03125
0 0.5625 0.93828125 0.0265625 0.0296875
0 0.5109375 0.9703125 0.0265625 0.0265625
0 0.45078125 0.9921875 0.0234375 0.015625