0 0.15625 0.975 0.0140625 0.015625
0 0.7046875 0.334375 0.015625 0.0140625
0 0.73125 0.33125 0.0109375 0.0109375
0 0.734375 0.359375 0.009375 0.0125
0 0.7078125 0.3875 0.015625 0.0140625
0 0.7109375 0.45625 0.01875 0.0171875
0 0.7453125 0.45625 0.015625 0.0203125
0 0.56875 0.5890625 0.0171875 0.01875
0 0.4265625 0.5828125 0.015625 0.0125
0 0.4734375 0.584375 0.015625 0.0125
0 0.715625 0.534375 0.0203125 0.0171875
0 0.75625 0.584375 0.0171875 0.021875
0 0.721875 0.63125 0.0265625 0.0234375
0 0.7625 0.6375 0.01875 0.0203125
0 0.725 0.74375 0.0234375 0.0234375
0 0.778125 0.815625 0.0265625 0.03125
0 0.7328125 0.88125 0.025 0.0265625
0 0.3578125 0.51875 0.015625 0.0140625
0 0.384375 0.446875 0.015625 0.0140625
0 0.40625 0.3828125 0.0140625 0.0125
0 0.390625 0.3625 0.0078125 0.0078125
0 0.375 0.3953125 0.0078125 0.0125
0 0.3625 0.43125 0.0109375 0.0109375
0 0.61875 0.5921875 0.0171875 0.01875
0 0.346875 0.46875 0.0078125 0.0140625
0 0.328125 0.515625 0.0109375 0.0140625
0 0.3109375 0.5640625 0.0125 0.0125
0 0.325 0.60625 0.0140625 0.0140625
0 0.29375 0.6109375 0.0109375 0.0125
0 0.265625 0.68125 0.0109375 0.0140625
0 0.2921875 0.70625 0.01875 0.0171875
0 0.234375 0.765625 0.0140625 0.0140625
0 0.1984375 0.859375 0.0125 0.0171875
0 0.25 0.828125 0.0171875 0.0171875
0 0.196875 0.975 0.0234375 0.0234375