0 0.51640625 0.80078125 0.021875 0.025
0 0.58515625 0.72890625 0.015625 0.0203125
0 0.4421875 0.88359375 0.021875 0.0296875
0 0.38984375 0.8734375 0.0109375 0.015625
0 0.3546875 0.86484375 0.0109375 0.0203125
0 0.3265625 0.7875 0.0109375 0.01875
0 0.28046875 0.725 0.015625 0.0171875
0 0.284375 0.690625 0.0125 0.0125
0 0.41328125 0.58984375 0.0125 0.009375
0 0.4375 0.59609375 0.0109375 0.0125
0 0.4703125 0.65390625 0.0140625 0.0125
0 0.51875 0.70546875 0.015625 0.0140625
0 0.51953125 0.73984375 0.0140625 0.0109375
0 0.42890625 0.54296875 0.0125 0.0125
0 0.3765625 0.5796875 0.021875 0.0171875
0 0.3234375 0.6203125 0.025 0.025
0 0.26328125 0.66953125 0.0171875 0.021875
0 0.19921875 0.71640625 0.0140625 0.0171875
0 0.16328125 0.63984375 0.0203125 0.0234375
0 0.13203125 0.57109375 0.0203125 0.021875
0 0.18515625 0.53515625 0.0234375 0.0234375
0 0.38984375 0.48671875 0.03125 0.01875
0 0.34921875 0.4328125 0.0171875 0.0171875
0 0.29609375 0.465625 0.0140625 0.015625
0 0.246875 0.496875 0.0203125 0.0171875