0 0.27734375 0.88125 0.01875 0.025
0 0.35625 0.8578125 0.028125 0.0375
0 0.45390625 0.8296875 0.0359375 0.034375
0 0.54609375 0.79375 0.028125 0.0390625
0 0.63125 0.7703125 0.034375 0.0484375
0 0.7265625 0.7359375 0.025 0.0421875
0 0.39140625 0.93046875 0.025 0.034375
0 0.396875 0.98125 0.0328125 0.028125
0 0.58828125 0.9171875 0.025 0.0359375
0 0.584375 0.865625 0.025 0.03125
0 0.73125 0.86796875 0.0296875 0.034375
0 0.7203125 0.815625 0.03125 0.0265625
0 0.809375 0.7828125 0.01875 0.0328125
0 0.8234375 0.83046875 0.0140625 0.0203125
0 0.9640625 0.87265625 0.0328125 0.040625
0 0.9328125 0.740625 0.028125 0.028125
0 0.884375 0.67578125 0.0390625 0.046875
0 0.79609375 0.70859375 0.0359375 0.0390625
0 0.71328125 0.615625 0.0296875 0.0328125
0 0.6828125 0.5109375 0.0359375 0.0328125
0 0.65625 0.41484375 0.040625 0.040625
0 0.68828125 0.3984375 0.034375 0.0359375
0 0.715625 0.4953125 0.0296875 0.03125
0 0.66640625 0.30859375 0.0265625 0.034375
0 0.6859375 0.2875 0.034375 0.025
0 0.75625 0.27421875 0.0203125 0.025
0 0.83203125 0.25234375 0.0328125 0.03125
0 0.903125 0.234375 0.021875 0.025
0 0.97109375 0.21953125 0.0171875 0.0234375
0 0.95390625 0.16875 0.0234375 0.040625
0 0.8859375 0.18515625 0.0265625 0.0359375
0 0.8140625 0.203125 0.025 0.0328125
0 0.74453125 0.22109375 0.0234375 0.0375
0 0.66875 0.23984375 0.025 0.028125
0 0.64375 0.2265625 0.025 0.0359375
0 0.6421875 0.1421875 0.0203125 0.0265625
0 0.8515625 0.09453125 0.0265625 0.0328125
0 0.91796875 0.0765625 0.025 0.0328125
0 0.9796875 0.06953125 0.0265625 0.025
0 0.9484375 0.0265625 0.0296875 0.0234375
0 0.821875 0.0515625 0.034375 0.0296875
0 0.6203125 0.09765625 0.034375 0.034375
0 0.23828125 0.1171875 0.0171875 0.015625
0 0.3109375 0.10078125 0.0203125 0.021875
0 0.3796875 0.0859375 0.021875 0.0203125
0 0.43828125 0.07265625 0.0328125 0.0265625
0 0.509375 0.059375 0.0265625 0.01875
0 0.57578125 0.03984375 0.0171875 0.01875
0 0.64765625 0.0234375 0.0234375 0.015625
0 0.57890625 0.16484375 0.01875 0.021875
0 0.509375 0.178125 0.0234375 0.040625
0 0.43828125 0.19765625 0.0203125 0.021875
0 0.36171875 0.2171875 0.0296875 0.028125
0 0.284375 0.2359375 0.01875 0.025
0 0.22265625 0.24921875 0.0234375 0.0328125
0 0.146875 0.26875 0.0265625 0.0328125
0 0.06328125 0.290625 0.025 0.034375
0 0.0546875 0.2296875 0.0265625 0.0296875
0 0.20859375 0.19296875 0.0234375 0.0234375
0 0.0625 0.4 0.021875 0.025
0 0.06953125 0.46640625 0.0296875 0.0328125
0 0.45078125 0.3015625 0.0296875 0.028125
0 0.52578125 0.28828125 0.034375 0.034375
0 0.60234375 0.265625 0.015625 0.021875
0 0.61875 0.31640625 0.0203125 0.0328125
0 0.53984375 0.3375 0.021875 0.025
0 0.465625 0.3578125 0.0234375 0.0265625
0 0.38671875 0.38046875 0.0234375 0.0296875
0 0.303125 0.40234375 0.025 0.034375
0 0.23671875 0.421875 0.0296875 0.0328125
0 0.2265625 0.353125 0.03125 0.0328125
0 0.29765625 0.34609375 0.0234375 0.025
0 0.1515625 0.440625 0.025 0.0265625
0 0.14765625 0.38125 0.021875 0.021875
0 0.378125 0.3234375 0.025 0.03125
0 0.078125 0.94453125 0.025 0.0375
0 0.17890625 0.9171875 0.0328125 0.0328125
0 0.9390625 0.99296875 0.025 0.0140625