0 0.5734375 0.59453125 0.0515625 0.0640625
0 0.2921875 0.54140625 0.0515625 0.053125
0 0.15625 0.5171875 0.0421875 0.0484375
0 0.02734375 0.48984375 0.0484375 0.053125
0 0.1421875 0.17578125 0.0421875 0.040625
0 0.27578125 0.19765625 0.0328125 0.0359375
0 0.39296875 0.21953125 0.0421875 0.040625
0 0.51953125 0.24296875 0.0390625 0.040625
0 0.64609375 0.26640625 0.0359375 0.034375
0 0.78828125 0.29140625 0.040625 0.05
0 0.928125 0.32109375 0.0375 0.0421875
0 0.915625 0.55234375 0.0359375 0.0453125
0 0.7671875 0.5265625 0.040625 0.0484375
0 0.5640625 0.48671875 0.0390625 0.0421875
0 0.48359375 0.4703125 0.0390625 0.046875
0 0.3546875 0.43984375 0.0328125 0.04375
0 0.228125 0.41640625 0.046875 0.04375
0 0.08671875 0.38671875 0.0390625 0.053125
0 0.590625 0.7875 0.0625 0.053125
0 0.98046875 0.6734375 0.015625 0.0421875
0 0.83359375 0.6484375 0.0484375 0.0671875
0 0.67734375 0.6234375 0.0625 0.0671875
0 0.4328125 0.57109375 0.0609375 0.0578125
0 0.3953125 0.15546875 0.05625 0.0375
0 0.89609375 0.24140625 0.0609375 0.0421875