0 0.05 0.43984375 0.0203125 0.025
0 0.34375 0.0390625 0.0125 0.015625
0 0.36171875 0.04609375 0.015625 0.025
0 0.34140625 0.11171875 0.0125 0.015625
0 0.3578125 0.12890625 0.0140625 0.0140625
0 0.34609375 0.2375 0.01875 0.021875
0 0.371875 0.2734375 0.0125 0.0203125
0 0.359375 0.33046875 0.0109375 0.0125
0 0.38515625 0.36796875 0.0109375 0.0125
0 0.9234375 0.34765625 0.0171875 0.0171875
0 0.92890625 0.31640625 0.01875 0.01875
0 0.83046875 0.35703125 0.021875 0.025
0 0.8359375 0.3328125 0.021875 0.0171875
0 0.7328125 0.36953125 0.0171875 0.015625
0 0.7359375 0.346875 0.0203125 0.015625
0 0.62265625 0.38359375 0.0171875 0.0171875
0 0.62578125 0.3609375 0.0171875 0.0171875
0 0.51015625 0.39453125 0.01875 0.0203125
0 0.50703125 0.37265625 0.0234375 0.0171875
0 0.3890625 0.3859375 0.015625 0.0125
0 0.36484375 0.38984375 0.0109375 0.0140625
0 0.39375 0.409375 0.01875 0.0203125
0 0.40234375 0.46640625 0.0171875 0.0171875
0 0.41171875 0.503125 0.0125 0.01875
0 0.4203125 0.55234375 0.0140625 0.015625
0 0.4296875 0.5921875 0.0140625 0.0125
0 0.440625 0.6515625 0.0140625 0.0140625
0 0.43671875 0.68046875 0.0109375 0.0171875
0 0.42265625 0.6484375 0.0171875 0.0203125
0 0.40859375 0.57890625 0.015625 0.025
0 0.39921875 0.5328125 0.01875 0.0234375
0 0.39296875 0.50234375 0.0171875 0.025
0 0.38359375 0.459375 0.0140625 0.0203125
0 0.37109375 0.4125 0.0140625 0.0234375
0 0.29375 0.4265625 0.0265625 0.021875
0 0.29140625 0.40625 0.01875 0.01875
0 0.21875 0.43828125 0.01875 0.025
0 0.2109375 0.41796875 0.0140625 0.015625
0 0.13984375 0.4515625 0.0125 0.0171875
0 0.13359375 0.43125 0.01875 0.0234375
0 0.00703125 0.44296875 0.0140625 0.0171875
0 0.01640625 0.4703125 0.0265625 0.0265625
0 0.00703125 0.50234375 0.0140625 0.0203125
0 0.0109375 0.52109375 0.0140625 0.015625
0 0.03125 0.553125 0.0125 0.0125
0 0.14765625 0.69765625 0.01875 0.0234375
0 0.128125 0.71640625 0.021875 0.0234375
0 0.08984375 0.65859375 0.0203125 0.021875