0 0.5453125 0.6125 0.009375 0.0140625
0 0.2984375 0.66875 0.0125 0.0125
0 0.17734375 0.6296875 0.021875 0.025
0 0.13046875 0.56484375 0.0171875 0.0234375
0 0.1078125 0.534375 0.01875 0.0203125
0 0.15859375 0.509375 0.0140625 0.0171875
0 0.5328125 0.5515625 0.0078125 0.0078125
0 0.55859375 0.5625 0.0078125 0.009375
0 0.5796875 0.575 0.009375 0.009375
0 0.6171875 0.596875 0.0078125 0.0078125
0 0.66171875 0.67109375 0.0125 0.01875
0 0.67890625 0.7046875 0.0078125 0.0109375
0 0.6203125 0.87890625 0.0125 0.015625
0 0.590625 0.88671875 0.0125 0.0125
0 0.5265625 0.83203125 0.0140625 0.0140625
0 0.46171875 0.796875 0.0078125 0.0109375
0 0.4515625 0.765625 0.0140625 0.01875
0 0.5203125 0.6171875 0.0125 0.0125
0 0.5984375 0.65234375 0.015625 0.0171875
0 0.2578125 0.7296875 0.0171875 0.0171875
0 0.32109375 0.77890625 0.0171875 0.021875
0 0.38515625 0.8296875 0.021875 0.01875
0 0.42421875 0.7546875 0.01875 0.0234375
0 0.45625 0.68515625 0.015625 0.01875
0 0.48515625 0.6234375 0.015625 0.021875
0 0.515625 0.5703125 0.0109375 0.015625
0 0.45234375 0.53671875 0.0109375 0.0125
0 0.39296875 0.50625 0.0109375 0.015625
0 0.36328125 0.5609375 0.0109375 0.0140625
0 0.3328125 0.61171875 0.0109375 0.0140625