0 0.69609375 0.5140625 0.034375 0.053125
0 0.6375 0.5203125 0.034375 0.0546875
0 0.5859375 0.50078125 0.0390625 0.05625
0 0.525 0.5109375 0.0375 0.053125
0 0.46640625 0.509375 0.0390625 0.05625
0 0.41171875 0.51328125 0.0375 0.0484375
0 0.3578125 0.49453125 0.0234375 0.040625
0 0.30390625 0.4921875 0.0375 0.0515625
0 0.24375 0.48515625 0.034375 0.0515625
0 0.3125 0.58125 0.0296875 0.0375
0 0.27734375 0.57421875 0.028125 0.040625
0 0.26875 0.63984375 0.03125 0.046875
0 0.409375 0.5890625 0.0328125 0.0421875
0 0.35859375 0.5875 0.028125 0.0421875
0 0.45546875 0.59921875 0.0234375 0.040625
0 0.21796875 0.56640625 0.03125 0.04375
0 0.19375 0.471875 0.0453125 0.0609375
0 0.5046875 0.59921875 0.021875 0.0375
0 0.55234375 0.60859375 0.0296875 0.0390625
0 0.6046875 0.6 0.0203125 0.0296875
0 0.6546875 0.603125 0.025 0.0359375
0 0.6953125 0.6078125 0.040625 0.0609375
0 0.10546875 0.353125 0.0515625 0.0421875