0 0.29375 0.33515625 0.0203125 0.0203125
0 0.13984375 0.3375 0.0265625 0.028125
0 0.1421875 0.29765625 0.025 0.025
0 0.2953125 0.3 0.0328125 0.03125
0 0.4328125 0.3390625 0.021875 0.0296875
0 0.55234375 0.34609375 0.0203125 0.0328125
0 0.6546875 0.35234375 0.0171875 0.01875
0 0.7484375 0.359375 0.01875 0.0203125
0 0.73359375 0.41328125 0.0140625 0.0203125
0 0.72421875 0.45859375 0.0234375 0.0234375
0 0.70546875 0.5265625 0.0171875 0.0265625
0 0.6859375 0.5875 0.0203125 0.0203125
0 0.64765625 0.684375 0.0140625 0.01875
0 0.62265625 0.74296875 0.0125 0.0109375
0 0.66484375 0.66484375 0.015625 0.0171875
0 0.709375 0.5625 0.015625 0.0234375
0 0.72734375 0.5 0.0203125 0.025
0 0.73671875 0.45703125 0.0171875 0.025
0 0.74921875 0.4078125 0.0125 0.0140625
0 0.7640625 0.35859375 0.015625 0.01875
0 0.75078125 0.31015625 0.015625 0.015625
0 0.77265625 0.28203125 0.0125 0.015625
0 0.75234375 0.228125 0.0171875 0.0203125
0 0.75859375 0.20625 0.015625 0.0203125
0 0.80625 0.36875 0.0171875 0.01875
0 0.8515625 0.3765625 0.015625 0.0171875
0 0.8875 0.3828125 0.0203125 0.021875
0 0.9265625 0.38984375 0.01875 0.021875
0 0.9421875 0.3890625 0.0125 0.0171875
0 0.81171875 0.3390625 0.021875 0.025
0 0.7703125 0.3359375 0.021875 0.01875
0 0.75078125 0.33203125 0.009375 0.0125
0 0.8578125 0.35 0.0109375 0.0140625
0 0.896875 0.359375 0.015625 0.015625
0 0.93046875 0.365625 0.0140625 0.0140625
0 0.9484375 0.3671875 0.0109375 0.015625
0 0.96640625 0.35859375 0.009375 0.009375
0 0.96171875 0.371875 0.0078125 0.009375
0 0.9703125 0.36796875 0.00625 0.0125
0 0.43203125 0.3109375 0.0296875 0.0234375
0 0.553125 0.3140625 0.0203125 0.0296875
0 0.659375 0.32265625 0.01875 0.028125