0 0.7328125 0.5546875 0.021875 0.025
0 0.81953125 0.4734375 0.025 0.03125
0 0.90859375 0.3875 0.025 0.0203125
0 0.978125 0.31953125 0.025 0.03125
0 0.86796875 0.259375 0.0296875 0.0265625
0 0.7296875 0.3359375 0.0140625 0.0265625
0 0.71640625 0.38125 0.0234375 0.03125
0 0.7828125 0.41640625 0.0125 0.015625
0 0.75625 0.40390625 0.0171875 0.021875
0 0.20546875 0.43671875 0.015625 0.0234375
0 0.1796875 0.4578125 0.015625 0.021875
0 0.19375 0.4921875 0.0140625 0.015625
0 0.115625 0.57734375 0.021875 0.025
0 0.77734375 0.3 0.0125 0.01875
0 0.7828125 0.290625 0.0125 0.0171875
0 0.83125 0.33359375 0.0140625 0.0203125
0 0.80234375 0.39140625 0.0140625 0.0234375
0 0.9203125 0.33046875 0.015625 0.01875
0 0.6390625 0.453125 0.0203125 0.01875
0 0.72578125 0.1578125 0.01875 0.0171875
0 0.690625 0.18125 0.0203125 0.0234375
0 0.66875 0.14765625 0.0140625 0.015625
0 0.70234375 0.13203125 0.0125 0.0203125
0 0.75546875 0.11796875 0.0234375 0.0234375
0 0.5734375 0.28671875 0.0171875 0.0171875
0 0.390625 0.41796875 0.021875 0.0296875
0 0.22421875 0.4765625 0.015625 0.021875
0 0.53515625 0.7375 0.0203125 0.025
0 0.57265625 0.64921875 0.01875 0.0234375
0 0.54921875 0.525 0.021875 0.025
0 0.646875 0.63046875 0.0171875 0.0296875
0 0.75078125 0.48828125 0.028125 0.0328125
0 0.76796875 0.65625 0.0203125 0.0234375
0 0.74375 0.68359375 0.0203125 0.0234375
0 0.68359375 0.66875 0.0125 0.0140625
0 0.50703125 0.84453125 0.0328125 0.034375
0 0.409375 0.85625 0.021875 0.0328125
0 0.32734375 0.88203125 0.021875 0.0296875
0 0.2078125 0.80859375 0.021875 0.0265625
0 0.2625 0.7234375 0.0234375 0.0234375
0 0.340625 0.66640625 0.0171875 0.0140625
0 0.38828125 0.66484375 0.0203125 0.0296875