0 0.6828125 0.3109375 0.0171875 0.015625
0 0.70859375 0.3046875 0.0125 0.0125
0 0.715625 0.33203125 0.0109375 0.0140625
0 0.6921875 0.36328125 0.0171875 0.015625
0 0.70390625 0.43125 0.0203125 0.01875
0 0.73828125 0.4265625 0.01875 0.021875
0 0.57890625 0.5796875 0.01875 0.0203125
0 0.4375 0.59140625 0.0171875 0.0140625
0 0.48359375 0.58671875 0.0171875 0.0140625
0 0.71796875 0.5078125 0.021875 0.0203125
0 0.76484375 0.55234375 0.0203125 0.0234375
0 0.7359375 0.603125 0.0296875 0.0265625
0 0.77734375 0.6046875 0.0203125 0.021875
0 0.753125 0.71484375 0.0265625 0.0265625
0 0.81484375 0.7796875 0.0296875 0.034375
0 0.77734375 0.85 0.028125 0.0296875
0 0.3609375 0.5359375 0.0171875 0.015625
0 0.37890625 0.46171875 0.0171875 0.015625
0 0.39296875 0.3953125 0.015625 0.0140625
0 0.375 0.3765625 0.009375 0.009375
0 0.36328125 0.4109375 0.009375 0.0140625
0 0.35546875 0.4484375 0.0125 0.0125
0 0.62890625 0.57734375 0.01875 0.0203125
0 0.34453125 0.4875 0.009375 0.015625
0 0.33125 0.53671875 0.0125 0.015625
0 0.3203125 0.58671875 0.0140625 0.0140625
0 0.3390625 0.6265625 0.015625 0.015625
0 0.30859375 0.63515625 0.0125 0.0140625
0 0.28984375 0.70859375 0.0125 0.015625
0 0.31875 0.7296875 0.0203125 0.01875
0 0.26875 0.79609375 0.015625 0.015625
0 0.24453125 0.89375 0.0140625 0.01875
0 0.2921875 0.85625 0.01875 0.01875