0 0.715625 0.93203125 0.0703125 0.0890625
0 0.953125 0.3109375 0.040625 0.046875
0 0.8171875 0.77109375 0.05 0.0640625
0 0.92578125 0.87890625 0.071875 0.0796875
0 0.88671875 0.63046875 0.0484375 0.053125
0 0.95390625 0.5265625 0.053125 0.0578125
0 0.15390625 0.3671875 0.071875 0.0890625
0 0.365625 0.32421875 0.059375 0.06875
0 0.48359375 0.2921875 0.065625 0.0796875
0 0.6828125 0.515625 0.0734375 0.075
0 0.75859375 0.4453125 0.0625 0.0625
0 0.81953125 0.38515625 0.05 0.05625
0 0.86953125 0.34375 0.040625 0.0515625
0 0.5078125 0.6734375 0.1109375 0.1265625
0 0.98359375 0.43203125 0.0328125 0.05625