0 0.83515625 0.98125 0.0140625 0.015625
0 0.2984375 0.33046875 0.015625 0.0140625
0 0.271875 0.32734375 0.0109375 0.0109375
0 0.26796875 0.35546875 0.009375 0.0125
0 0.29453125 0.38359375 0.015625 0.0140625
0 0.28984375 0.45234375 0.01875 0.0171875
0 0.25546875 0.45234375 0.015625 0.0203125
0 0.4296875 0.5875 0.0171875 0.01875
0 0.571875 0.584375 0.015625 0.0125
0 0.525 0.58515625 0.015625 0.0125
0 0.28359375 0.53046875 0.0203125 0.0171875
0 0.2421875 0.5796875 0.0171875 0.021875
0 0.27578125 0.62734375 0.0265625 0.0234375
0 0.23515625 0.6328125 0.01875 0.0203125
0 0.27109375 0.73984375 0.0234375 0.0234375
0 0.21640625 0.8109375 0.0265625 0.03125
0 0.2609375 0.87734375 0.025 0.0265625
0 0.6421875 0.52109375 0.015625 0.0140625
0 0.61640625 0.44921875 0.015625 0.0140625
0 0.59609375 0.384375 0.0140625 0.0125
0 0.61171875 0.3640625 0.0078125 0.0078125
0 0.6265625 0.39765625 0.0078125 0.0125
0 0.6390625 0.43359375 0.0109375 0.0109375
0 0.3796875 0.58984375 0.0171875 0.01875
0 0.65390625 0.47109375 0.0078125 0.0140625
0 0.671875 0.51875 0.0109375 0.0140625
0 0.68828125 0.5671875 0.0125 0.0125
0 0.6734375 0.609375 0.0140625 0.0140625
0 0.70390625 0.61484375 0.0109375 0.0125
0 0.73125 0.68515625 0.0109375 0.0140625
0 0.70390625 0.71015625 0.01875 0.0171875
0 0.7609375 0.7703125 0.0140625 0.0140625
0 0.7953125 0.86484375 0.0125 0.0171875
0 0.74453125 0.8328125 0.0171875 0.0171875
0 0.79453125 0.98046875 0.0234375 0.0234375