0 0.57421875 0.51640625 0.0390625 0.015625
0 0.34921875 0.5046875 0.0328125 0.015625
0 0.121875 0.49453125 0.0359375 0.0140625
0 0.57578125 0.54453125 0.0421875 0.0125
0 0.35390625 0.534375 0.0359375 0.0140625
0 0.1265625 0.52421875 0.0328125 0.0125
0 0.78515625 0.784375 0.0296875 0.0125
0 0.571875 0.77265625 0.028125 0.0125
0 0.3609375 0.76171875 0.0296875 0.0109375
0 0.15546875 0.75078125 0.0359375 0.0140625
0 0.78125 0.81171875 0.0390625 0.0125
0 0.571875 0.79765625 0.0328125 0.0125
0 0.36328125 0.78671875 0.0234375 0.009375
0 0.15859375 0.7765625 0.03125 0.0125
0 0.7953125 0.18046875 0.040625 0.0140625
0 0.5140625 0.171875 0.03125 0.0109375
0 0.8 0.15078125 0.0328125 0.0140625
0 0.5203125 0.14140625 0.040625 0.0125
0 0.80546875 0.525 0.05 0.0171875
0 0.80390625 0.5578125 0.0390625 0.0140625