0 0.471875 0.0171875 0.015625 0.009375
0 0.19375 0.925 0.0296875 0.0203125
0 0.246875 0.878125 0.0296875 0.0265625
0 0.2125 0.840625 0.0234375 0.01875
0 0.228125 0.7640625 0.0234375 0.015625
0 0.26875 0.75625 0.0296875 0.0234375
0 0.2421875 0.696875 0.025 0.0171875
0 0.2890625 0.65 0.025 0.0171875
0 0.25 0.6515625 0.028125 0.015625
0 0.259375 0.5953125 0.0296875 0.01875
0 0.30625 0.559375 0.0265625 0.0203125
0 0.271875 0.546875 0.021875 0.021875
0 0.284375 0.496875 0.025 0.0171875
0 0.321875 0.48125 0.0203125 0.0203125
0 0.2921875 0.45625 0.021875 0.0171875
0 0.33125 0.409375 0.028125 0.0171875
0 0.296875 0.40625 0.0296875 0.0234375
0 0.3078125 0.378125 0.028125 0.015625
0 0.346875 0.34375 0.01875 0.0203125
0 0.315625 0.33125 0.0265625 0.015625
0 0.35625 0.28125 0.028125 0.015625
0 0.325 0.2859375 0.0265625 0.01875
0 0.36875 0.2265625 0.025 0.0125
0 0.334375 0.2421875 0.0171875 0.0125
0 0.34375 0.203125 0.0140625 0.009375
0 0.378125 0.1734375 0.0203125 0.0125
0 0.35 0.178125 0.015625 0.0140625
0 0.3546875 0.15 0.0125 0.0109375
0 0.3625 0.121875 0.0140625 0.009375
0 0.365625 0.0953125 0.0140625 0.009375
0 0.371875 0.0671875 0.0140625 0.0125
0 0.403125 0.0375 0.0171875 0.0140625
0 0.703125 0.01875 0.021875 0.0109375
0 0.70625 0.065625 0.01875 0.0140625
0 0.7078125 0.1171875 0.021875 0.0125
0 0.7125 0.1734375 0.0203125 0.0125
0 0.715625 0.2328125 0.0203125 0.0125
0 0.721875 0.3 0.025 0.015625
0 0.7671875 0.3328125 0.01875 0.0125
0 0.725 0.3734375 0.021875 0.015625
0 0.76875 0.371875 0.0265625 0.0171875
0 0.7328125 0.45625 0.025 0.0171875
0 0.784375 0.496875 0.0265625 0.0171875
0 0.7375 0.5453125 0.0296875 0.015625
0 0.7984375 0.64375 0.021875 0.01875
0 0.74375 0.6453125 0.0234375 0.01875
0 0.803125 0.7 0.0296875 0.0171875
0 0.753125 0.76875 0.0296875 0.0234375
0 0.821875 0.8734375 0.03125 0.03125
0 0.765625 0.9109375 0.0375 0.025
0 0.4046875 0.01875 0.0125 0.0078125
0 0.4734375 0.0078125 0.015625 0.009375
0 0.54375 0.003125 0.0125 0.00625
0 0.34375 0.04375 0.0078125 0.00625
0 0.3453125 0.0375 0.009375 0.0078125
0 0.31875 0.028125 0.0078125 0.00625
0 0.325 0.009375 0.0078125 0.00625
0 0.3125 0.05 0.009375 0.00625
0 0.3046875 0.0828125 0.009375 0.00625
0 0.3 0.109375 0.0109375 0.00625
0 0.29375 0.13125 0.0109375 0.0078125
0 0.2875 0.15625 0.0140625 0.0078125
0 0.28125 0.178125 0.0140625 0.0078125
0 0.2734375 0.20625 0.0125 0.0078125
0 0.2625 0.246875 0.0140625 0.0125
0 0.2546875 0.2828125 0.015625 0.009375
0 0.2421875 0.325 0.015625 0.0109375
0 0.23125 0.371875 0.0171875 0.0109375
0 0.221875 0.409375 0.015625 0.0109375
0 0.209375 0.4625 0.0140625 0.0109375
0 0.196875 0.509375 0.015625 0.0125
0 0.1859375 0.5484375 0.015625 0.0125
0 0.175 0.590625 0.0171875 0.0125
0 0.165625 0.6328125 0.015625 0.0125
0 0.1515625 0.684375 0.01875 0.0109375
0 0.13125 0.759375 0.0171875 0.0140625
0 0.1171875 0.815625 0.01875 0.015625
0 0.096875 0.896875 0.021875 0.0171875
0 0.0734375 0.984375 0.021875 0.0171875