0 0.85078125 0.71484375 0.0421875 0.0453125
0 0.659375 0.05390625 0.04375 0.0515625
0 0.65234375 0.225 0.0484375 0.0546875
0 0.68515625 0.4171875 0.05625 0.065625
0 0.97734375 0.46796875 0.0453125 0.0515625
0 0.83828125 0.6015625 0.0515625 0.0515625
0 0.56484375 0.61953125 0.0515625 0.0515625
0 0.44609375 0.628125 0.0546875 0.059375
0 0.16171875 0.6453125 0.0515625 0.0625
0 0.71328125 0.72578125 0.04375 0.0453125
0 0.57578125 0.7296875 0.0390625 0.0484375
0 0.45625 0.74453125 0.0296875 0.04375
0 0.30859375 0.7515625 0.0359375 0.046875
0 0.1640625 0.76484375 0.0390625 0.05