0 0.08046875 0.32578125 0.0203125 0.025
0 0.46796875 0.0140625 0.0125 0.015625
0 0.484375 0.02578125 0.015625 0.025
0 0.446875 0.084375 0.0125 0.015625
0 0.45859375 0.1046875 0.0140625 0.0140625
0 0.41953125 0.20703125 0.01875 0.021875
0 0.43515625 0.24765625 0.0109375 0.0203125
0 0.4078125 0.3 0.0109375 0.0125
0 0.4234375 0.34296875 0.0109375 0.0125
0 0.9484375 0.4625 0.0171875 0.0171875
0 0.96171875 0.43359375 0.01875 0.01875
0 0.85625 0.44765625 0.021875 0.0234375
0 0.86796875 0.42578125 0.021875 0.0171875
0 0.75859375 0.434375 0.0171875 0.015625
0 0.7671875 0.41328125 0.0203125 0.0140625
0 0.6484375 0.41875 0.0171875 0.0171875
0 0.65703125 0.3984375 0.0171875 0.0171875
0 0.5375 0.40078125 0.0171875 0.0203125
0 0.53984375 0.37890625 0.0234375 0.0171875
0 0.42265625 0.36171875 0.015625 0.0125
0 0.39765625 0.35859375 0.0109375 0.0140625
0 0.42109375 0.38515625 0.0171875 0.0203125
0 0.4140625 0.4421875 0.0171875 0.0171875
0 0.4140625 0.4796875 0.0125 0.01875
0 0.409375 0.5296875 0.0140625 0.015625
0 0.4078125 0.5703125 0.0140625 0.0125
0 0.40390625 0.63125 0.0140625 0.0140625
0 0.3921875 0.65859375 0.0109375 0.0171875
0 0.3875 0.6234375 0.015625 0.0203125
0 0.39140625 0.553125 0.015625 0.025
0 0.39375 0.50546875 0.01875 0.0234375
0 0.39609375 0.475 0.0171875 0.025
0 0.3984375 0.43046875 0.0125 0.0203125
0 0.39765625 0.38203125 0.0140625 0.0234375
0 0.3203125 0.37578125 0.025 0.021875
0 0.32265625 0.35546875 0.01875 0.01875
0 0.24375 0.36796875 0.01875 0.025
0 0.2421875 0.3453125 0.0140625 0.015625
0 0.16484375 0.359375 0.0125 0.0171875
0 0.1640625 0.3390625 0.01875 0.0234375
0 0.0375 0.3171875 0.015625 0.0171875
0 0.040625 0.34609375 0.0265625 0.0265625
0 0.02109375 0.375 0.0171875 0.0203125
0 0.021875 0.39375 0.0140625 0.015625
0 0.0328125 0.43046875 0.0125 0.0125
0 0.10859375 0.6 0.01875 0.0234375
0 0.084375 0.6125 0.0203125 0.021875
0 0.0625 0.546875 0.0203125 0.021875