0 0.99296875 0.4734375 0.0140625 0.01875
0 0.9546875 0.59296875 0.0171875 0.021875
0 0.9109375 0.67734375 0.015625 0.0171875
0 0.66484375 0.64453125 0.0109375 0.01875
0 0.69296875 0.5875 0.0109375 0.015625
0 0.68046875 0.58828125 0.0125 0.015625
0 0.72109375 0.44375 0.0109375 0.0140625
0 0.70546875 0.44296875 0.009375 0.0203125
0 0.728125 0.290625 0.0125 0.0140625
0 0.71171875 0.28671875 0.0140625 0.01875
0 0.67890625 0.64453125 0.0109375 0.0140625
0 0.65234375 0.6953125 0.0125 0.015625
0 0.66484375 0.69296875 0.0109375 0.015625
0 0.6390625 0.73515625 0.0125 0.0140625
0 0.65234375 0.734375 0.009375 0.009375
0 0.9609375 0.253125 0.021875 0.0234375
0 0.99375 0.3390625 0.0125 0.0125