0 0.22265625 0.51640625 0.0296875 0.046875
0 0.95234375 0.60625 0.034375 0.053125
0 0.93359375 0.33671875 0.0234375 0.0328125
0 0.92109375 0.11328125 0.025 0.0359375
0 0.1078125 0.44453125 0.0390625 0.053125
0 0.0390625 0.44609375 0.028125 0.0671875
0 0.0765625 0.6671875 0.0328125 0.046875
0 0.96484375 0.80546875 0.0375 0.05
0 0.2265625 0.58203125 0.028125 0.0296875
0 0.45703125 0.509375 0.028125 0.0296875
0 0.459375 0.571875 0.0265625 0.025
0 0.66015625 0.5046875 0.025 0.0265625
0 0.665625 0.56328125 0.0234375 0.025
0 0.84453125 0.49765625 0.025 0.028125
0 0.8515625 0.55390625 0.0203125 0.025
0 0.1 0.83046875 0.0453125 0.13125
0 0.1171875 0.9390625 0.0265625 0.0390625
0 0.121875 0.99296875 0.04375 0.0140625