0 0.80078125 0.878125 0.0859375 0.1
0 0.90390625 0.22109375 0.0484375 0.0546875
0 0.86640625 0.69921875 0.0609375 0.071875
0 0.97578125 0.78203125 0.0484375 0.0921875
0 0.90546875 0.54765625 0.0578125 0.0609375
0 0.94921875 0.43125 0.0625 0.0671875
0 0.13359375 0.4421875 0.0875 0.1015625
0 0.33203125 0.35625 0.071875 0.078125
0 0.44140625 0.3 0.0796875 0.090625
0 0.68203125 0.47734375 0.0859375 0.0875
0 0.74140625 0.39296875 0.0734375 0.0734375
0 0.7890625 0.32109375 0.059375 0.0640625
0 0.82890625 0.2703125 0.05 0.059375
0 0.54375 0.66796875 0.134375 0.146875
0 0.95859375 0.3328125 0.04375 0.0625