0 0.30546875 0.528125 0.0375 0.0546875
0 0.3640625 0.5296875 0.0375 0.05625
0 0.41484375 0.50703125 0.0421875 0.0578125
0 0.47578125 0.51328125 0.0390625 0.0546875
0 0.534375 0.50703125 0.0421875 0.0578125
0 0.5890625 0.50703125 0.040625 0.05
0 0.64140625 0.484375 0.025 0.0421875
0 0.69453125 0.47890625 0.040625 0.053125
0 0.7546875 0.4671875 0.0359375 0.053125
0 0.69296875 0.56796875 0.03125 0.0390625
0 0.72734375 0.55859375 0.03125 0.0421875
0 0.73984375 0.6234375 0.034375 0.0484375
0 0.596875 0.5828125 0.0359375 0.04375
0 0.646875 0.57734375 0.0296875 0.04375
0 0.5515625 0.59609375 0.0265625 0.040625
0 0.7859375 0.54609375 0.034375 0.04375
0 0.80390625 0.45078125 0.0484375 0.0625
0 0.50234375 0.6 0.0234375 0.0375
0 0.45546875 0.6125 0.03125 0.040625
0 0.40234375 0.60703125 0.021875 0.0296875
0 0.35234375 0.6140625 0.0265625 0.0359375
0 0.3125 0.62109375 0.04375 0.0625
0 0.88359375 0.32578125 0.053125 0.0453125