0 0.446875 0.796875 0.01875 0.0234375
0 0.3875 0.7171875 0.0140625 0.01875
0 0.5109375 0.8875 0.01875 0.028125
0 0.5640625 0.884375 0.009375 0.0140625
0 0.6 0.8796875 0.009375 0.01875
0 0.6375 0.80625 0.009375 0.0171875
0 0.690625 0.75 0.0140625 0.015625
0 0.690625 0.715625 0.0109375 0.0109375
0 0.575 0.6 0.0109375 0.0078125
0 0.55 0.603125 0.009375 0.0109375
0 0.5109375 0.65625 0.0125 0.0109375
0 0.45625 0.7015625 0.0140625 0.0125
0 0.4515625 0.7359375 0.0125 0.009375
0 0.565625 0.5515625 0.0109375 0.0109375
0 0.6125 0.59375 0.0203125 0.0140625
0 0.6609375 0.640625 0.021875 0.021875
0 0.7140625 0.696875 0.0140625 0.0203125
0 0.771875 0.7515625 0.0125 0.015625
0 0.8171875 0.6796875 0.0171875 0.021875
0 0.85625 0.615625 0.0171875 0.0203125
0 0.8078125 0.5734375 0.021875 0.0203125
0 0.6109375 0.5 0.0296875 0.015625
0 0.6578125 0.4515625 0.015625 0.015625
0 0.70625 0.490625 0.0125 0.0140625
0 0.7515625 0.528125 0.01875 0.015625