0 0.371875 0.03359375 0.0171875 0.0125
0 0.2890625 0.9796875 0.0328125 0.0265625
0 0.33125 0.92265625 0.034375 0.0328125
0 0.28984375 0.89296875 0.0265625 0.0234375
0 0.2890625 0.81484375 0.0265625 0.0203125
0 0.32734375 0.7984375 0.034375 0.0296875
0 0.2890625 0.74609375 0.028125 0.021875
0 0.325 0.690625 0.028125 0.021875
0 0.28671875 0.7 0.03125 0.021875
0 0.284375 0.64296875 0.0328125 0.025
0 0.32265625 0.5984375 0.0296875 0.025
0 0.28671875 0.59296875 0.0265625 0.0265625
0 0.28828125 0.54140625 0.028125 0.021875
0 0.321875 0.51875 0.0234375 0.0234375
0 0.2875 0.50078125 0.025 0.021875
0 0.31640625 0.44609375 0.03125 0.0234375
0 0.28203125 0.45078125 0.034375 0.0296875
0 0.28671875 0.42109375 0.03125 0.021875
0 0.31796875 0.37890625 0.021875 0.0234375
0 0.284375 0.3734375 0.0296875 0.0203125
0 0.3140625 0.315625 0.03125 0.021875
0 0.284375 0.32734375 0.0296875 0.0234375
0 0.31484375 0.26015625 0.0265625 0.0171875
0 0.284375 0.28203125 0.01875 0.015625
0 0.28515625 0.2421875 0.015625 0.0125
0 0.31328125 0.20625 0.021875 0.0171875
0 0.28671875 0.21640625 0.01875 0.0171875
0 0.28515625 0.1875 0.0140625 0.0140625
0 0.28671875 0.15859375 0.015625 0.0125
0 0.284375 0.13203125 0.015625 0.0125
0 0.284375 0.103125 0.015625 0.015625
0 0.309375 0.06796875 0.0203125 0.0171875
0 0.61171875 0.03203125 0.021875 0.0171875
0 0.6234375 0.08203125 0.0234375 0.0171875
0 0.63984375 0.13671875 0.021875 0.0171875
0 0.65546875 0.19375 0.021875 0.0171875
0 0.67578125 0.25859375 0.028125 0.0203125
0 0.7265625 0.28125 0.0203125 0.015625
0 0.69375 0.3296875 0.025 0.0203125
0 0.7359375 0.31875 0.0296875 0.021875
0 0.71875 0.40859375 0.028125 0.021875
0 0.77734375 0.4375 0.0296875 0.021875
0 0.74140625 0.4953125 0.0328125 0.021875
0 0.821875 0.57890625 0.025 0.0234375
0 0.76875 0.59140625 0.0265625 0.0234375
0 0.83828125 0.6328125 0.0328125 0.0234375
0 0.803125 0.71015625 0.034375 0.0296875
0 0.8921875 0.7984375 0.0375 0.0375
0 0.8453125 0.846875 0.0421875 0.0328125
0 0.30703125 0.04921875 0.0140625 0.0109375
0 0.371875 0.02421875 0.0171875 0.0125
0 0.43984375 0.0046875 0.0140625 0.009375
0 0.25234375 0.0859375 0.009375 0.0078125
0 0.25234375 0.0796875 0.0109375 0.009375
0 0.22421875 0.07578125 0.009375 0.0078125
0 0.2265625 0.05625 0.009375 0.0078125
0 0.22265625 0.0984375 0.0109375 0.0078125
0 0.221875 0.1328125 0.0109375 0.0078125
0 0.2234375 0.159375 0.0125 0.0078125
0 0.221875 0.18203125 0.0125 0.009375
0 0.2203125 0.2078125 0.015625 0.0109375
0 0.21875 0.23046875 0.015625 0.0109375
0 0.2171875 0.26015625 0.0140625 0.0109375
0 0.21484375 0.3015625 0.015625 0.015625
0 0.21484375 0.33828125 0.0171875 0.0125
0 0.21171875 0.3828125 0.0171875 0.0140625
0 0.21015625 0.43046875 0.01875 0.0140625
0 0.209375 0.46953125 0.0171875 0.0140625
0 0.2078125 0.5234375 0.015625 0.0140625
0 0.20546875 0.571875 0.0171875 0.015625
0 0.203125 0.6125 0.0171875 0.015625
0 0.20078125 0.65625 0.01875 0.015625
0 0.20078125 0.69921875 0.0171875 0.015625
0 0.19765625 0.753125 0.0203125 0.0140625
0 0.19296875 0.83046875 0.0203125 0.0171875
0 0.19140625 0.88828125 0.021875 0.01875
0 0.18828125 0.971875 0.025 0.021875