0 0.13515625 0.0140625 0.0203125 0.0125
0 0.34453125 0.02421875 0.0203125 0.0078125
0 0.5640625 0.034375 0.0265625 0.021875
0 0.7734375 0.0515625 0.0203125 0.0140625
0 0.9859375 0.07109375 0.0140625 0.0125
0 0.4515625 0.48515625 0.01875 0.015625
0 0.540625 0.84609375 0.01875 0.0140625
0 0.478125 0.85234375 0.0203125 0.015625
0 0.5078125 0.40625 0.0140625 0.0125
0 0.44375 0.31796875 0.0171875 0.0125
0 0.4953125 0.215625 0.015625 0.0140625
0 0.365625 0.16484375 0.025 0.0171875
0 0.1328125 0.15625 0.01875 0.0140625