0 0.33515625 0.446875 0.0296875 0.0296875
0 0.39375 0.4359375 0.0234375 0.025
0 0.4515625 0.42265625 0.0265625 0.0296875
0 0.5078125 0.41953125 0.0375 0.040625
0 0.5640625 0.40625 0.0296875 0.034375
0 0.6375 0.38984375 0.0265625 0.0296875
0 0.5 0.35703125 0.0234375 0.028125
0 0.24609375 0.63671875 0.01875 0.025
0 0.30625 0.625 0.0203125 0.025
0 0.3640625 0.6125 0.0203125 0.0234375
0 0.4171875 0.60625 0.0359375 0.0296875
0 0.471875 0.5921875 0.0359375 0.0359375
0 0.52890625 0.57578125 0.028125 0.034375
0 0.32578125 0.39453125 0.0265625 0.0203125
0 0.38203125 0.38125 0.034375 0.0296875
0 0.4375 0.36953125 0.0265625 0.034375
0 0.55625 0.35078125 0.0296875 0.025
0 0.625 0.32890625 0.0265625 0.0203125