0 0.5703125 0.596875 0.0546875 0.065625
0 0.29140625 0.534375 0.053125 0.0546875
0 0.15625 0.5046875 0.04375 0.05
0 0.028125 0.4734375 0.05 0.0546875
0 0.15390625 0.16328125 0.04375 0.0421875
0 0.2859375 0.190625 0.0328125 0.0359375
0 0.40234375 0.215625 0.04375 0.0421875
0 0.528125 0.24375 0.040625 0.0421875
0 0.65390625 0.271875 0.0359375 0.034375
0 0.7953125 0.3015625 0.040625 0.0515625
0 0.934375 0.3359375 0.0390625 0.0421875
0 0.9140625 0.56640625 0.0375 0.0453125
0 0.76640625 0.5359375 0.0421875 0.05
0 0.5640625 0.4890625 0.040625 0.04375
0 0.48515625 0.46953125 0.040625 0.0484375
0 0.35703125 0.43515625 0.034375 0.04375
0 0.23125 0.40703125 0.0484375 0.0453125
0 0.090625 0.37265625 0.040625 0.053125
0 0.58125 0.78984375 0.0640625 0.0546875
0 0.97421875 0.690625 0.0171875 0.0421875
0 0.828125 0.66015625 0.0515625 0.06875
0 0.67265625 0.6296875 0.065625 0.06875
0 0.43046875 0.56875 0.0625 0.059375
0 0.40703125 0.1515625 0.05625 0.0390625
0 0.9046875 0.25546875 0.0625 0.04375