0 0.475 0.60625 0.0328125 0.0296875
0 0.6734375 0.640625 0.021875 0.025
0 0.528125 0.7390625 0.0375 0.04375
0 0.5078125 0.028125 0.021875 0.0125
0 0.878125 0.10625 0.015625 0.0125
0 0.4296875 0.01875 0.0375 0.015625
0 0.3359375 0.015625 0.025 0.0125
0 0.84375 0.09375 0.01875 0.0109375
0 0.80625 0.0875 0.0203125 0.0171875
0 0.75625 0.0734375 0.025 0.015625
0 0.70625 0.0625 0.01875 0.0140625
0 0.646875 0.0484375 0.0265625 0.015625
0 0.5875 0.040625 0.0296875 0.0171875
0 0.915625 0.171875 0.0125 0.0171875
0 0.903125 0.225 0.0125 0.0125
0 0.8875 0.2734375 0.01875 0.015625
0 0.428125 0.4421875 0.046875 0.03125
0 0.578125 0.378125 0.0390625 0.0203125
0 0.7078125 0.3484375 0.04375 0.015625
0 0.8125 0.3265625 0.021875 0.021875
0 0.7875 0.6421875 0.0203125 0.025
0 0.4359375 0.8046875 0.021875 0.028125
0 0.353125 0.8171875 0.0359375 0.021875
0 0.053125 0.859375 0.0390625 0.0296875
0 0.18125 0.846875 0.04375 0.0296875
0 0.275 0.8265625 0.0359375 0.028125