0 0.53828125 0.46796875 0.0234375 0.0265625
0 0.44765625 0.59296875 0.021875 0.021875
0 0.4828125 0.60078125 0.015625 0.01875
0 0.4796875 0.64609375 0.0171875 0.0203125
0 0.43984375 0.63671875 0.021875 0.0234375
0 0.5859375 0.5828125 0.0234375 0.025
0 0.546875 0.57734375 0.0234375 0.025
0 0.51171875 0.56875 0.025 0.0234375
0 0.5203125 0.51484375 0.0203125 0.0234375
0 0.47890625 0.5078125 0.025 0.028125
0 0.490625 0.459375 0.028125 0.028125
0 0.3140625 0.528125 0.0234375 0.0265625
0 0.27578125 0.52109375 0.021875 0.021875
0 0.4 0.54609375 0.0234375 0.025
0 0.4359375 0.55 0.015625 0.015625
0 0.41640625 0.5890625 0.0171875 0.0203125