0 0.63828125 0.39609375 0.028125 0.028125
0 0.5796875 0.40546875 0.0234375 0.025
0 0.52109375 0.4109375 0.025 0.0296875
0 0.46640625 0.4265625 0.0359375 0.040625
0 0.40859375 0.43203125 0.0296875 0.034375
0 0.334375 0.440625 0.025 0.0296875
0 0.453125 0.36484375 0.021875 0.028125
0 0.784375 0.546875 0.01875 0.0234375
0 0.7234375 0.5546875 0.0203125 0.025
0 0.66484375 0.5625 0.0203125 0.0234375
0 0.61328125 0.57421875 0.0359375 0.0296875
0 0.55703125 0.578125 0.0359375 0.0359375
0 0.496875 0.58125 0.028125 0.034375
0 0.63046875 0.34296875 0.0265625 0.0203125
0 0.57265625 0.34921875 0.034375 0.0296875
0 0.5171875 0.35625 0.0265625 0.034375
0 0.3984375 0.3765625 0.0296875 0.0234375
0 0.32578125 0.37890625 0.0265625 0.0203125