0 0.7078125 0.54765625 0.0109375 0.009375
0 0.7546875 0.53984375 0.0078125 0.0109375
0 0.7765625 0.540625 0.0078125 0.0078125
0 0.80078125 0.53671875 0.009375 0.0125
0 0.82109375 0.5328125 0.009375 0.009375
0 0.84609375 0.53046875 0.0078125 0.0140625
0 0.8140625 0.55625 0.0078125 0.009375
0 0.68671875 0.521875 0.0109375 0.009375
0 0.71484375 0.5203125 0.0078125 0.0109375
0 0.73984375 0.51953125 0.0109375 0.009375
0 0.76875 0.515625 0.0109375 0.0109375
0 0.79375 0.51328125 0.009375 0.009375
0 0.81875 0.5109375 0.0140625 0.0140625
0 0.846875 0.50625 0.0140625 0.0125
0 0.7296875 0.5453125 0.0109375 0.009375
0 0.68125 0.5484375 0.009375 0.0125
0 0.45859375 0.515625 0.0171875 0.0171875
0 0.440625 0.54296875 0.01875 0.015625
0 0.40703125 0.5640625 0.0171875 0.0171875
0 0.40625 0.5390625 0.0109375 0.0140625
0 0.42890625 0.51171875 0.015625 0.0171875
0 0.3953125 0.50703125 0.0125 0.01875
0 0.3640625 0.5046875 0.0203125 0.015625
0 0.3875 0.53671875 0.0171875 0.01875
0 0.35703125 0.53125 0.015625 0.0171875
0 0.33046875 0.528125 0.0140625 0.01875
0 0.334375 0.49765625 0.0171875 0.0171875
0 0.303125 0.48984375 0.015625 0.0203125
0 0.30234375 0.52265625 0.0140625 0.0171875
0 0.27421875 0.51875 0.015625 0.0171875
0 0.2734375 0.4875 0.015625 0.021875
0 0.24296875 0.478125 0.01875 0.01875
0 0.21015625 0.47109375 0.015625 0.0171875
0 0.17890625 0.465625 0.0140625 0.021875
0 0.1703125 0.49453125 0.015625 0.021875
0 0.1953125 0.5 0.0171875 0.0171875
0 0.22109375 0.5078125 0.01875 0.0140625
0 0.24609375 0.51171875 0.0171875 0.01875
0 0.525 0.49140625 0.0296875 0.0328125
0 0.47265625 0.88828125 0.0234375 0.0234375