0 0.990625 0.43125 0.0140625 0.0171875
0 0.9609375 0.553125 0.015625 0.0203125
0 0.925 0.640625 0.0140625 0.015625
0 0.6765625 0.6296875 0.009375 0.01875
0 0.7 0.5703125 0.009375 0.015625
0 0.6875 0.571875 0.0109375 0.0140625
0 0.715625 0.425 0.009375 0.0140625
0 0.7 0.425 0.0078125 0.0203125
0 0.709375 0.271875 0.0109375 0.0125
0 0.6921875 0.26875 0.0125 0.0171875
0 0.690625 0.628125 0.009375 0.0140625
0 0.66875 0.68125 0.0109375 0.0140625
0 0.68125 0.678125 0.009375 0.015625
0 0.659375 0.721875 0.0109375 0.0125
0 0.671875 0.7203125 0.0078125 0.009375
0 0.9375 0.2140625 0.0203125 0.021875
0 0.98125 0.296875 0.0171875 0.0109375