0 0.6234375 0.0953125 0.01875 0.0125
0 0.45 0.290625 0.0203125 0.0140625
0 0.4484375 0.403125 0.01875 0.0171875
0 0.4890625 0.440625 0.015625 0.0140625
0 0.5921875 0.01875 0.021875 0.0109375
0 0.4875 0.5671875 0.0125 0.0125
0 0.440625 0.634375 0.015625 0.0125
0 0.484375 0.690625 0.0203125 0.015625
0 0.4375 0.753125 0.025 0.0140625
0 0.053125 0.8625 0.0234375 0.0171875
0 0.05 0.93125 0.0234375 0.0171875
0 0.2203125 0.865625 0.01875 0.015625
0 0.809375 0.88125 0.0234375 0.0140625
0 0.934375 0.88125 0.0171875 0.0125
0 0.44375 0.521875 0.0171875 0.0140625
0 0.71875 0.115625 0.021875 0.015625
0 0.8875 0.1 0.01875 0.015625
0 0.965625 0.065625 0.0140625 0.0109375
0 0.546875 0.13125 0.015625 0.0109375
0 0.403125 0.0625 0.0203125 0.0140625
0 0.1078125 0.0703125 0.028125 0.01875
0 0.43125 0.14375 0.0171875 0.021875