0 0.13203125 0.67265625 0.0265625 0.0359375
0 0.58359375 0.19609375 0.0203125 0.028125
0 0.428125 0.9015625 0.028125 0.0375
0 0.4953125 0.9796875 0.040625 0.040625
0 0.365625 0.815625 0.025 0.0296875
0 0.37578125 0.94609375 0.0296875 0.0375
0 0.2421875 0.8390625 0.0265625 0.0328125
0 0.27421875 0.80625 0.0296875 0.0328125
0 0.30703125 0.73828125 0.0265625 0.034375
0 0.2546875 0.6734375 0.0265625 0.0296875
0 0.2125 0.615625 0.0203125 0.0203125
0 0.16171875 0.64140625 0.0203125 0.0203125
0 0.4875 0.11640625 0.0265625 0.028125
0 0.0703125 0.515625 0.028125 0.0328125
0 0.04296875 0.54140625 0.021875 0.025
0 0.01328125 0.428125 0.01875 0.028125
0 0.04609375 0.3828125 0.0234375 0.03125
0 0.0828125 0.43984375 0.0171875 0.0203125
0 0.121875 0.49453125 0.025 0.0328125
0 0.16640625 0.55078125 0.0265625 0.0390625
0 0.5046875 0.37734375 0.015625 0.025
0 0.53515625 0.340625 0.0203125 0.028125
0 0.55703125 0.43046875 0.0328125 0.034375
0 0.590625 0.39140625 0.0234375 0.028125
0 0.6484375 0.4453125 0.025 0.025
0 0.6171875 0.48828125 0.025 0.0296875
0 0.67578125 0.55 0.0265625 0.0328125
0 0.70546875 0.49921875 0.034375 0.034375
0 0.7421875 0.60625 0.028125 0.0328125
0 0.76953125 0.56015625 0.0203125 0.025
0 0.8328125 0.61484375 0.0328125 0.034375
0 0.8 0.665625 0.0359375 0.0421875
0 0.87109375 0.73515625 0.0328125 0.03125
0 0.89765625 0.67890625 0.025 0.025
0 0.9453125 0.81015625 0.025 0.0375
0 0.9578125 0.58984375 0.028125 0.0359375
0 0.88359375 0.52421875 0.01875 0.0234375
0 0.82890625 0.4703125 0.025 0.0328125
0 0.76953125 0.41484375 0.0296875 0.0421875
0 0.70546875 0.36484375 0.0265625 0.0375
0 0.65078125 0.31640625 0.028125 0.0328125
0 0.60234375 0.26796875 0.0265625 0.0375
0 0.55390625 0.2296875 0.028125 0.0390625
0 0.50625 0.18515625 0.025 0.0328125
0 0.4671875 0.1484375 0.01875 0.028125
0 0.41875 0.11484375 0.0203125 0.0203125
0 0.3828125 0.0765625 0.025 0.0265625
0 0.3515625 0.05 0.021875 0.0265625
0 0.309375 0.015625 0.028125 0.03125
0 0.284375 0.00390625 0.028125 0.0078125
0 0.375 0.021875 0.0140625 0.021875
0 0.40859375 0.0515625 0.0140625 0.0140625