0 0.48984375 0.46953125 0.0203125 0.021875
0 0.5390625 0.5078125 0.01875 0.021875
0 0.5453125 0.56328125 0.0203125 0.021875
0 0.5828125 0.559375 0.0203125 0.025
0 0.62265625 0.54765625 0.0296875 0.0328125
0 0.47421875 0.56953125 0.0171875 0.0234375
0 0.49296875 0.51640625 0.025 0.0265625
0 0.534375 0.4609375 0.01875 0.021875
0 0.3171875 0.60078125 0.021875 0.021875
0 0.3546875 0.596875 0.0203125 0.021875
0 0.54453125 0.6453125 0.0234375 0.0234375
0 0.5078125 0.65 0.0140625 0.0203125
0 0.4984375 0.60390625 0.0109375 0.015625
0 0.46953125 0.6140625 0.0171875 0.01875
0 0.440625 0.5796875 0.021875 0.025