0 0.178125 0.75625 0.0375 0.040625
0 0.2875 0.0765625 0.0390625 0.046875
0 0.315625 0.2453125 0.0421875 0.05
0 0.30625 0.440625 0.0484375 0.0609375
0 0.021875 0.5265625 0.0421875 0.046875
0 0.1765625 0.6421875 0.046875 0.046875
0 0.45 0.6265625 0.046875 0.046875
0 0.56875 0.6203125 0.0484375 0.053125
0 0.853125 0.603125 0.0453125 0.0578125
0 0.315625 0.75 0.0390625 0.040625
0 0.453125 0.7375 0.034375 0.0453125
0 0.5734375 0.7375 0.025 0.040625
0 0.7203125 0.7265625 0.03125 0.04375
0 0.865625 0.721875 0.034375 0.046875