0 0.265625 0.546875 0.0203125 0.025
0 0.18125 0.4625 0.0234375 0.0296875
0 0.0953125 0.3734375 0.025 0.01875
0 0.028125 0.303125 0.0234375 0.0296875
0 0.140625 0.246875 0.028125 0.025
0 0.2765625 0.328125 0.0125 0.0265625
0 0.2875 0.3734375 0.021875 0.03125
0 0.2203125 0.40625 0.0125 0.015625
0 0.246875 0.3953125 0.0171875 0.021875
0 0.796875 0.446875 0.0140625 0.0234375
0 0.821875 0.46875 0.015625 0.021875
0 0.80625 0.503125 0.0140625 0.015625
0 0.88125 0.590625 0.0203125 0.025
0 0.2296875 0.290625 0.0125 0.01875
0 0.225 0.28125 0.0125 0.0171875
0 0.175 0.321875 0.0140625 0.0203125
0 0.2015625 0.38125 0.0125 0.0234375
0 0.0859375 0.315625 0.015625 0.01875
0 0.3625 0.4484375 0.0203125 0.01875
0 0.2859375 0.15 0.01875 0.0171875
0 0.3203125 0.175 0.01875 0.0234375
0 0.34375 0.1421875 0.0140625 0.015625
0 0.3109375 0.125 0.0125 0.0203125
0 0.2578125 0.109375 0.021875 0.0234375
0 0.434375 0.284375 0.0171875 0.0171875
0 0.6125 0.421875 0.0203125 0.0296875
0 0.7765625 0.4859375 0.015625 0.021875
0 0.45625 0.7359375 0.01875 0.025
0 0.421875 0.646875 0.0171875 0.0234375
0 0.45 0.5234375 0.0203125 0.025
0 0.3484375 0.625 0.015625 0.0296875
0 0.25 0.4796875 0.0265625 0.03125
0 0.2265625 0.646875 0.01875 0.0234375
0 0.25 0.675 0.01875 0.0234375
0 0.3109375 0.6625 0.0125 0.0140625
0 0.48125 0.84375 0.03125 0.0328125
0 0.578125 0.859375 0.0203125 0.0328125
0 0.659375 0.8875 0.0203125 0.0296875
0 0.78125 0.81875 0.0203125 0.0265625
0 0.7296875 0.73125 0.021875 0.0234375
0 0.653125 0.671875 0.0171875 0.0140625
0 0.60625 0.66875 0.01875 0.0296875