0 0.5140625 0.60859375 0.0359375 0.0328125
0 0.3125 0.621875 0.025 0.0265625
0 0.446875 0.73515625 0.0421875 0.046875
0 0.54140625 0.0296875 0.0234375 0.0140625
0 0.16484375 0.06875 0.0171875 0.0140625
0 0.6203125 0.02890625 0.0390625 0.01875
0 0.7140625 0.03515625 0.0265625 0.015625
0 0.20078125 0.06015625 0.0203125 0.0125
0 0.23828125 0.0578125 0.021875 0.01875
0 0.28984375 0.04921875 0.0265625 0.01875
0 0.340625 0.04296875 0.0203125 0.015625
0 0.40078125 0.0359375 0.028125 0.01875
0 0.4609375 0.034375 0.03125 0.0203125
0 0.12109375 0.13046875 0.0140625 0.01875
0 0.128125 0.184375 0.0140625 0.0140625
0 0.13828125 0.234375 0.0203125 0.0171875
0 0.57734375 0.45 0.05 0.0359375
0 0.43515625 0.3703125 0.040625 0.025
0 0.309375 0.32734375 0.0453125 0.0203125
0 0.20703125 0.29453125 0.0234375 0.0234375
0 0.19921875 0.61171875 0.0234375 0.0265625
0 0.53203125 0.809375 0.025 0.0296875
0 0.61328125 0.83046875 0.0375 0.025
0 0.90703125 0.90390625 0.0421875 0.034375
0 0.78046875 0.878125 0.046875 0.034375
0 0.68984375 0.8484375 0.0390625 0.03125