0 0.040625 0.31484375 0.0171875 0.0203125
0 0.03984375 0.43984375 0.0203125 0.0234375
0 0.05390625 0.53359375 0.0171875 0.01875
0 0.29765625 0.5828125 0.0140625 0.0203125
0 0.2890625 0.51953125 0.0125 0.0171875
0 0.30078125 0.52421875 0.0140625 0.015625
0 0.30859375 0.375 0.0125 0.015625
0 0.32421875 0.37890625 0.0125 0.021875
0 0.35234375 0.228125 0.0140625 0.0140625
0 0.36953125 0.22890625 0.015625 0.0203125
0 0.284375 0.578125 0.0125 0.015625
0 0.2921875 0.63515625 0.0140625 0.015625
0 0.28125 0.62890625 0.0125 0.0171875
0 0.29140625 0.6765625 0.0140625 0.0140625
0 0.2796875 0.671875 0.009375 0.0109375
0 0.14453125 0.11640625 0.025 0.0265625
0 0.08203125 0.18671875 0.01875 0.0140625