0 0.2703125 0.5484375 0.03125 0.0375
0 0.8 0.54375 0.0328125 0.0328125
0 0.715625 0.546875 0.03125 0.0421875
0 0.634375 0.54375 0.0328125 0.0375
0 0.55625 0.54375 0.028125 0.0296875
0 0.478125 0.55 0.028125 0.0328125
0 0.409375 0.546875 0.03125 0.0296875
0 0.3421875 0.54375 0.03125 0.0328125
0 0.8109375 0.45 0.0375 0.0296875
0 0.709375 0.45625 0.0328125 0.0453125
0 0.615625 0.453125 0.03125 0.0296875
0 0.5234375 0.4609375 0.03125 0.034375
0 0.440625 0.4640625 0.03125 0.034375
0 0.359375 0.46875 0.040625 0.0296875
0 0.28125 0.453125 0.0390625 0.0515625
0 0.35625 0.6125 0.0265625 0.034375