0 0.665625 0.6859375 0.0078125 0.015625
0 0.66640625 0.7171875 0.0140625 0.01875
0 0.6703125 0.746875 0.0140625 0.0203125
0 0.6796875 0.7765625 0.0125 0.021875
0 0.68984375 0.80625 0.015625 0.0171875
0 0.69921875 0.821875 0.0109375 0.015625
0 0.81171875 0.78828125 0.0078125 0.015625
0 0.82890625 0.81796875 0.00625 0.01875
0 0.734375 0.67109375 0.0109375 0.0109375
0 0.709375 0.67734375 0.0140625 0.0140625
0 0.72421875 0.82734375 0.0140625 0.015625
0 0.74609375 0.82109375 0.009375 0.0171875
0 0.76796875 0.8109375 0.009375 0.0140625
0 0.77265625 0.7921875 0.00625 0.0171875
0 0.7625 0.7625 0.009375 0.021875
0 0.6875 0.678125 0.0109375 0.0109375
0 0.75078125 0.73125 0.0109375 0.01875
0 0.74453125 0.70078125 0.0109375 0.021875
0 0.8109375 0.58515625 0.0078125 0.015625
0 0.821875 0.57734375 0.009375 0.0125
0 0.8359375 0.60078125 0.0078125 0.0140625
0 0.84921875 0.615625 0.00625 0.0171875
0 0.85859375 0.634375 0.00625 0.0140625
0 0.77734375 0.6171875 0.0078125 0.0078125
0 0.77734375 0.6453125 0.0078125 0.0109375
0 0.78125 0.69375 0.0078125 0.0125
0 0.796875 0.74453125 0.009375 0.0171875