0 0.425 0.5109375 0.0390625 0.0140625
0 0.65 0.51484375 0.0328125 0.0140625
0 0.878125 0.5203125 0.0359375 0.0125
0 0.42109375 0.5390625 0.0421875 0.0109375
0 0.64296875 0.54453125 0.0359375 0.0125
0 0.87109375 0.55 0.0328125 0.0109375
0 0.1953125 0.76328125 0.0296875 0.0109375
0 0.409375 0.7671875 0.028125 0.0109375
0 0.6203125 0.77109375 0.0296875 0.009375
0 0.8265625 0.77421875 0.0359375 0.0125
0 0.19765625 0.79140625 0.0390625 0.0109375
0 0.40703125 0.7921875 0.0328125 0.0109375
0 0.61640625 0.79609375 0.0234375 0.0078125
0 0.82109375 0.79921875 0.03125 0.0109375
0 0.228125 0.1609375 0.040625 0.0125
0 0.50859375 0.171875 0.03125 0.009375
0 0.225 0.13125 0.0328125 0.0125
0 0.5046875 0.140625 0.040625 0.0109375
0 0.19375 0.50390625 0.05 0.015625
0 0.19296875 0.53671875 0.0390625 0.0125