0 0.778125 0.496875 0.0265625 0.0453125
0 0.05625 0.6375 0.03125 0.0515625
0 0.05625 0.3671875 0.021875 0.03125
0 0.053125 0.14375 0.0234375 0.034375
0 0.8875 0.4171875 0.0359375 0.05
0 0.95625 0.4140625 0.0234375 0.065625
0 0.934375 0.6375 0.0296875 0.0453125
0 0.0578125 0.8375 0.034375 0.0484375
0 0.778125 0.5625 0.0265625 0.028125
0 0.54375 0.50625 0.0265625 0.028125
0 0.5453125 0.56875 0.025 0.0234375
0 0.340625 0.515625 0.0234375 0.025
0 0.3390625 0.575 0.021875 0.0234375
0 0.15625 0.521875 0.0234375 0.0265625
0 0.153125 0.578125 0.01875 0.0234375
0 0.921875 0.8015625 0.0359375 0.1296875
0 0.9125 0.9109375 0.0234375 0.0375
0 0.9109375 0.971875 0.0421875 0.021875