0 0.60234375 0.33515625 0.0375 0.0390625
0 0.7421875 0.29140625 0.0375 0.034375
0 0.390625 0.36953125 0.0328125 0.0296875
0 0.31796875 0.2875 0.03125 0.03125
0 0.253125 0.21015625 0.0375 0.0328125
0 0.196875 0.134375 0.0296875 0.0421875
0 0.140625 0.06875 0.028125 0.0328125
0 0.90234375 0.125 0.0359375 0.0375
0 0.771875 0.14609375 0.0390625 0.0453125
0 0.85234375 0.08203125 0.0484375 0.0296875
0 0.61875 0.65703125 0.040625 0.05
0 0.5890625 0.69296875 0.0375 0.0484375
0 0.7265625 0.78515625 0.034375 0.046875
0 0.696875 0.8359375 0.0375 0.04375
0 0.86875 0.88046875 0.0484375 0.0515625
0 0.55 0.50625 0.0296875 0.034375
0 0.4640625 0.60390625 0.034375 0.0375
0 0.28515625 0.80546875 0.0375 0.0375
0 0.4984375 0.44296875 0.028125 0.0359375
0 0.81328125 0.97578125 0.0421875 0.0453125