0 0.74140625 0.53046875 0.046875 0.0484375
0 0.6953125 0.61953125 0.040625 0.0421875
0 0.61484375 0.60078125 0.0375 0.04375
0 0.53984375 0.59140625 0.046875 0.0453125
0 0.44921875 0.57421875 0.04375 0.0609375
0 0.35078125 0.5609375 0.0484375 0.0515625
0 0.2640625 0.53046875 0.0359375 0.0453125
0 0.1640625 0.52109375 0.0328125 0.0515625
0 0.06171875 0.5078125 0.0578125 0.075
0 0.10625 0.39140625 0.05 0.0546875
0 0.23046875 0.4203125 0.0359375 0.053125
0 0.3453125 0.45234375 0.0421875 0.0484375
0 0.45859375 0.47109375 0.0453125 0.05625
0 0.55625 0.49609375 0.05 0.053125
0 0.65234375 0.51796875 0.04375 0.0421875
0 0.765625 0.62109375 0.0375 0.05
0 0.79140625 0.69453125 0.040625 0.0453125
0 0.8234375 0.63359375 0.04375 0.0484375
0 0.82265625 0.53984375 0.06875 0.065625
0 0.90625 0.6453125 0.03125 0.0359375
0 0.89765625 0.56015625 0.05 0.0734375
0 0.96328125 0.5546875 0.0671875 0.075