0 0.4640625 0.46484375 0.021875 0.0265625
0 0.54375 0.59765625 0.021875 0.0203125
0 0.5078125 0.6015625 0.0140625 0.0171875
0 0.5078125 0.64765625 0.0171875 0.01875
0 0.54765625 0.64140625 0.0203125 0.0234375
0 0.4078125 0.575 0.021875 0.0234375
0 0.446875 0.5734375 0.021875 0.025
0 0.48203125 0.56796875 0.0234375 0.021875
0 0.478125 0.51328125 0.01875 0.021875
0 0.5203125 0.509375 0.0234375 0.0265625
0 0.5125 0.46015625 0.0265625 0.0265625
0 0.6828125 0.54375 0.021875 0.0265625
0 0.721875 0.540625 0.0203125 0.021875
0 0.5953125 0.5546875 0.021875 0.0234375
0 0.559375 0.55546875 0.0140625 0.0140625
0 0.575 0.5953125 0.0171875 0.01875