0 0.54296875 0.3109375 0.0328125 0.0359375
0 0.6609375 0.22421875 0.0328125 0.03125
0 0.3546875 0.4125 0.0296875 0.0265625
0 0.25859375 0.3578125 0.028125 0.0265625
0 0.17265625 0.30625 0.0328125 0.0296875
0 0.09375 0.253125 0.025 0.0390625
0 0.01953125 0.209375 0.025 0.0296875
0 0.75859375 0.015625 0.0328125 0.03125
0 0.64140625 0.0765625 0.034375 0.0421875
0 0.66328125 0.609375 0.034375 0.046875
0 0.646875 0.653125 0.03125 0.04375
0 0.80703125 0.69609375 0.028125 0.04375
0 0.7953125 0.753125 0.0328125 0.040625
0 0.97265625 0.7390625 0.0421875 0.046875
0 0.54921875 0.4890625 0.0265625 0.03125
0 0.5 0.61015625 0.0296875 0.034375
0 0.396875 0.85859375 0.034375 0.034375
0 0.4796875 0.446875 0.025 0.0328125
0 0.95078125 0.84765625 0.0375 0.040625