0 0.42890625 0.2953125 0.028125 0.0203125
0 0.3453125 0.25234375 0.028125 0.01875
0 0.34921875 0.18984375 0.025 0.0171875
0 0.38125 0.13671875 0.0203125 0.0171875
0 0.43671875 0.08671875 0.0203125 0.015625
0 0.60859375 0.11015625 0.021875 0.015625
0 0.4265625 0.609375 0.0296875 0.021875
0 0.46875 0.52109375 0.0234375 0.01875
0 0.54296875 0.44921875 0.0265625 0.0140625
0 0.67109375 0.4375 0.025 0.015625
0 0.41328125 0.7171875 0.0328125 0.0234375
0 0.7484375 0.6875 0.034375 0.021875
0 0.7703125 0.4953125 0.028125 0.0203125
0 0.7796875 0.5890625 0.028125 0.021875
0 0.54296875 0.28359375 0.0359375 0.021875
0 0.52421875 0.8 0.0359375 0.0234375
0 0.6734375 0.784375 0.03125 0.021875
0 0.903125 0.30546875 0.0484375 0.034375
0 0.9875 0.33203125 0.01875 0.0265625
0 0.8515625 0.25 0.0359375 0.034375
0 0.84765625 0.190625 0.028125 0.0234375
0 0.840625 0.140625 0.028125 0.025
0 0.87421875 0.103125 0.0296875 0.021875
0 0.95546875 0.0890625 0.01875 0.0171875