0 0.52109375 0.61953125 0.0078125 0.0125
0 0.2671875 0.6234375 0.0109375 0.0109375
0 0.15703125 0.56015625 0.01875 0.021875
0 0.125 0.48671875 0.0140625 0.021875
0 0.109375 0.45234375 0.015625 0.0171875
0 0.1640625 0.43828125 0.0109375 0.015625
0 0.52109375 0.55703125 0.00625 0.00625
0 0.54453125 0.5734375 0.00625 0.0078125
0 0.5625 0.58984375 0.0078125 0.0078125
0 0.59453125 0.61875 0.00625 0.00625
0 0.62265625 0.7015625 0.009375 0.0171875
0 0.63203125 0.7375 0.00625 0.009375
0 0.5390625 0.8953125 0.0109375 0.0140625
0 0.5078125 0.89765625 0.0109375 0.0109375
0 0.45703125 0.8296875 0.0125 0.0125
0 0.40078125 0.7828125 0.00625 0.009375
0 0.39765625 0.75 0.0109375 0.0171875
0 0.49609375 0.61875 0.0109375 0.0109375
0 0.5640625 0.66953125 0.0125 0.015625
0 0.215625 0.67421875 0.0140625 0.015625
0 0.26640625 0.7359375 0.0140625 0.0203125
0 0.31953125 0.7984375 0.01875 0.015625
0 0.37265625 0.73359375 0.015625 0.0203125
0 0.41875 0.67265625 0.0125 0.0171875
0 0.46015625 0.6171875 0.0125 0.0203125
0 0.50078125 0.571875 0.009375 0.0140625
0 0.44609375 0.5265625 0.009375 0.0109375
0 0.39453125 0.48359375 0.009375 0.0140625
0 0.35390625 0.53046875 0.009375 0.0125
0 0.31328125 0.575 0.009375 0.0125