0 0.7125 0.51484375 0.0125 0.0109375
0 0.7578125 0.5 0.009375 0.0125
0 0.7796875 0.496875 0.009375 0.009375
0 0.80234375 0.48984375 0.0109375 0.0140625
0 0.821875 0.4828125 0.0109375 0.0109375
0 0.846875 0.4765625 0.009375 0.015625
0 0.81875 0.50625 0.009375 0.0109375
0 0.68828125 0.49296875 0.0125 0.0109375
0 0.715625 0.4859375 0.009375 0.0125
0 0.73984375 0.48125 0.0125 0.0109375
0 0.7671875 0.4734375 0.0125 0.0125
0 0.7921875 0.4671875 0.0109375 0.0109375
0 0.81640625 0.4609375 0.015625 0.015625
0 0.84375 0.4515625 0.015625 0.0140625
0 0.734375 0.509375 0.0125 0.0109375
0 0.68671875 0.51953125 0.0109375 0.0140625
0 0.46171875 0.521875 0.01875 0.01875
0 0.4484375 0.55234375 0.0203125 0.0171875
0 0.41796875 0.57734375 0.01875 0.01875
0 0.41328125 0.553125 0.0125 0.015625
0 0.43203125 0.52265625 0.0171875 0.01875
0 0.39765625 0.5234375 0.0140625 0.0203125
0 0.36640625 0.52578125 0.021875 0.01875
0 0.39453125 0.55390625 0.01875 0.0203125
0 0.36328125 0.553125 0.0171875 0.01875
0 0.33671875 0.5546875 0.015625 0.0203125
0 0.3359375 0.5234375 0.01875 0.01875
0 0.30390625 0.52109375 0.01875 0.021875
0 0.30859375 0.553125 0.015625 0.01875
0 0.2796875 0.55390625 0.0171875 0.01875
0 0.27421875 0.52265625 0.01875 0.0234375
0 0.24296875 0.51875 0.0203125 0.0203125
0 0.209375 0.5171875 0.0171875 0.01875
0 0.17734375 0.515625 0.0171875 0.0234375
0 0.1734375 0.54609375 0.01875 0.0234375
0 0.19921875 0.54765625 0.01875 0.01875
0 0.22578125 0.55078125 0.0203125 0.015625
0 0.2515625 0.55078125 0.01875 0.0203125
0 0.5234375 0.4875 0.03125 0.034375
0 0.53359375 0.8875 0.0265625 0.025