0 0.10625 0.2453125 0.0375 0.034375
0 0.16171875 0.24296875 0.0328125 0.0234375
0 0.18984375 0.303125 0.0390625 0.028125
0 0.13984375 0.31171875 0.028125 0.028125
0 0.04140625 0.3296875 0.025 0.028125
0 0.23046875 0.1734375 0.034375 0.0265625
0 0.3796875 0.221875 0.03125 0.03125
0 0.39765625 0.278125 0.03125 0.0359375
0 0.34609375 0.290625 0.028125 0.034375
0 0.29375 0.29375 0.025 0.0234375
0 0.4421875 0.2796875 0.028125 0.0265625
0 0.49375 0.26640625 0.0265625 0.0265625
0 0.5453125 0.20078125 0.0265625 0.021875
0 0.59453125 0.1921875 0.0296875 0.0203125
0 0.4890625 0.2078125 0.025 0.0234375
0 0.43984375 0.2125 0.028125 0.0265625
0 0.64921875 0.19140625 0.0265625 0.028125
0 0.69609375 0.17890625 0.034375 0.034375
0 0.79453125 0.22421875 0.0265625 0.025
0 0.78984375 0.41796875 0.0953125 0.296875
0 0.309375 0.4234375 0.025 0.03125
0 0.32578125 0.48046875 0.03125 0.0375
0 0.3421875 0.5203125 0.025 0.0234375
0 0.35625 0.55390625 0.0203125 0.0265625
0 0.29609375 0.38671875 0.03125 0.034375
0 0.2765625 0.23359375 0.0265625 0.0234375
0 0.3671875 0.5875 0.0359375 0.0296875
0 0.9390625 0.58046875 0.0296875 0.025
1 0.45703125 0.375 0.39375 0.2859375