0 0.584375 0.909375 0.0453125 0.0375
0 0.09375 0.946875 0.0375 0.0390625
0 0.13046875 0.25078125 0.0515625 0.04375
0 0.434375 0.23046875 0.040625 0.0421875
0 0.5046875 0.3671875 0.0296875 0.0296875
0 0.0953125 0.4 0.0375 0.0375
0 0.18515625 0.5265625 0.03125 0.025
0 0.25078125 0.56484375 0.021875 0.021875
0 0.453125 0.4984375 0.046875 0.0234375
0 0.4140625 0.540625 0.0234375 0.021875
0 0.54609375 0.5296875 0.0296875 0.028125
0 0.7171875 0.5109375 0.0265625 0.0265625
0 0.83125 0.49921875 0.015625 0.01875