0 0.07734375 0.44140625 0.034375 0.034375
0 0.10625 0.5453125 0.0296875 0.0296875
0 0.13125 0.621875 0.025 0.025
0 0.15625 0.7015625 0.0265625 0.028125
0 0.296875 0.7515625 0.0265625 0.0234375
0 0.4125 0.7234375 0.028125 0.028125
0 0.65546875 0.66171875 0.0296875 0.0328125
0 0.784375 0.63515625 0.0328125 0.0328125
0 0.8984375 0.5109375 0.03125 0.0296875
0 0.88125 0.4109375 0.0296875 0.028125
0 0.85625 0.30859375 0.03125 0.0328125
0 0.565625 0.27890625 0.0265625 0.028125
0 0.315625 0.3375 0.03125 0.0296875
0 0.190625 0.3671875 0.0265625 0.0203125