0 0.48046875 0.9125 0.0375 0.0421875
0 0.00625 0.8328125 0.0125 0.04375
0 0.50390625 0.22421875 0.040625 0.0421875
0 0.2046875 0.1703125 0.053125 0.0453125
0 0.13515625 0.30625 0.0375 0.0375
0 0.53828125 0.3734375 0.0328125 0.0296875
0 0.19140625 0.4484375 0.0296875 0.025
0 0.2453125 0.5046875 0.0234375 0.021875
0 0.45546875 0.4875 0.05 0.0234375
0 0.41015625 0.5203125 0.025 0.021875
0 0.53984375 0.5421875 0.0296875 0.0296875
0 0.71015625 0.56328125 0.0296875 0.028125
0 0.825 0.5796875 0.015625 0.01875