0 0.1125 0.33203125 0.0296875 0.021875
0 0.05 0.309375 0.0328125 0.028125
0 0.1734375 0.3546875 0.0296875 0.0421875
0 0.23515625 0.371875 0.034375 0.0296875
0 0.57109375 0.14453125 0.0359375 0.0265625
0 0.6203125 0.1703125 0.0359375 0.025
0 0.659375 0.19375 0.01875 0.025
0 0.70234375 0.2140625 0.021875 0.021875
0 0.7515625 0.240625 0.0265625 0.0359375
0 0.78828125 0.27265625 0.0234375 0.028125
0 0.8125 0.15 0.0453125 0.0453125
0 0.6453125 0.05546875 0.0265625 0.028125
0 0.3921875 0.05859375 0.0375 0.0171875
0 0.30546875 0.028125 0.0359375 0.0203125