0 0.2625 0.2890625 0.0421875 0.034375
0 0.109375 0.403125 0.0421875 0.021875
0 0.1796875 0.3890625 0.05 0.021875
0 0.2328125 0.471875 0.0390625 0.0390625
0 0.2953125 0.4640625 0.040625 0.0296875
0 0.165625 0.4859375 0.046875 0.025
0 0.0375 0.41875 0.034375 0.0171875
0 0.0328125 0.5140625 0.0328125 0.03125
0 0.4125 0.6015625 0.015625 0.015625
0 0.409375 0.625 0.028125 0.0125
0 0.4421875 0.6796875 0.0296875 0.0484375
0 0.4734375 0.7296875 0.03125 0.0265625
0 0.521875 0.8125 0.0359375 0.0515625
0 0.4765625 0.3296875 0.053125 0.0421875
0 0.8796875 0.234375 0.05625 0.0421875
0 0.7203125 0.278125 0.028125 0.021875
0 0.640625 0.29375 0.0375 0.0265625