0 0.646875 0.20859375 0.0421875 0.04375
0 0.45546875 0.33359375 0.040625 0.046875
0 0.76171875 0.2796875 0.0421875 0.0296875
0 0.8328125 0.26953125 0.0328125 0.0296875
0 0.93203125 0.33828125 0.0328125 0.025
0 0.80625 0.36171875 0.04375 0.040625
0 0.7390625 0.37578125 0.046875 0.040625
0 0.5328125 0.41484375 0.0359375 0.0296875
0 0.4671875 0.42734375 0.025 0.0234375
0 0.59765625 0.40390625 0.0234375 0.0234375
0 0.60390625 0.31328125 0.025 0.0265625
0 0.046875 0.403125 0.040625 0.0359375
0 0.2171875 0.3734375 0.025 0.0234375
0 0.2984375 0.3640625 0.034375 0.0296875
0 0.39453125 0.4390625 0.0203125 0.0234375
0 0.32109375 0.4484375 0.028125 0.025
0 0.6234375 0.57109375 0.028125 0.0421875
0 0.6203125 0.6453125 0.0359375 0.0484375
0 0.61171875 0.703125 0.0375 0.0296875
0 0.6046875 0.74609375 0.025 0.0328125
0 0.6734375 0.38515625 0.040625 0.03125