0 0.1359375 0.2859375 0.028125 0.01875
0 0.0765625 0.25625 0.0296875 0.025
0 0.19375 0.315625 0.025 0.0390625
0 0.253125 0.340625 0.03125 0.0265625
0 0.6140625 0.15625 0.0328125 0.0234375
0 0.659375 0.1875 0.0328125 0.021875
0 0.6953125 0.215625 0.015625 0.0234375
0 0.7359375 0.240625 0.0203125 0.0203125
0 0.78125 0.2734375 0.0234375 0.0328125
0 0.8140625 0.309375 0.0203125 0.0265625
0 0.853125 0.190625 0.040625 0.040625
0 0.6984375 0.0765625 0.0234375 0.025
0 0.446875 0.0484375 0.0359375 0.0125
0 0.3640625 0.0078125 0.034375 0.015625