0 0.8703125 0.3140625 0.0296875 0.03125
0 0.79921875 0.35078125 0.0265625 0.01875
0 0.76015625 0.365625 0.03125 0.0296875
0 0.8875 0.196875 0.028125 0.03125
0 0.88671875 0.12734375 0.025 0.03125
0 0.884375 0.059375 0.021875 0.028125
0 0.9265625 0.29921875 0.025 0.0234375
0 0.6859375 0.41015625 0.025 0.025
0 0.903125 0.3765625 0.028125 0.0203125
0 0.60390625 0.4484375 0.0203125 0.025
0 0.31640625 0.5828125 0.0171875 0.01875
0 0.0921875 0.68125 0.03125 0.0234375
0 0.07421875 0.7765625 0.034375 0.0359375
0 0.1125 0.83984375 0.03125 0.0375