0 0.48125 0.3375 0.0421875 0.034375
0 0.678125 0.4125 0.0515625 0.034375
0 0.76484375 0.4453125 0.046875 0.03125
0 0.85078125 0.471875 0.03125 0.0328125
0 0.928125 0.5 0.025 0.0203125
0 0.9890625 0.51484375 0.0203125 0.025
0 0.41953125 0.178125 0.0421875 0.04375
0 0.37265625 0.26953125 0.0296875 0.0359375
0 0.33359375 0.353125 0.040625 0.046875
0 0.303125 0.41875 0.0421875 0.034375
0 0.27890625 0.63046875 0.01875 0.03125
0 0.115625 0.74765625 0.0203125 0.0234375
0 0.17109375 0.80859375 0.0171875 0.0234375
0 0.16875 0.85078125 0.0265625 0.028125
0 0.22890625 0.8234375 0.0375 0.0265625
0 0.35546875 0.64921875 0.034375 0.0375
0 0.434375 0.67890625 0.0375 0.03125
0 0.346875 0.84921875 0.025 0.0296875
0 0.40625 0.85625 0.03125 0.0328125
0 0.75546875 0.7296875 0.03125 0.0359375
0 0.80859375 0.74296875 0.021875 0.0296875
0 0.85546875 0.7390625 0.0171875 0.0265625