0 0.09375 0.36875 0.0296875 0.0296875
0 0.1046875 0.4765625 0.025 0.025
0 0.115625 0.55625 0.021875 0.021875
0 0.1265625 0.6390625 0.021875 0.025
0 0.25625 0.7125 0.0234375 0.0203125
0 0.375 0.7046875 0.025 0.0234375
0 0.625 0.6859375 0.025 0.028125
0 0.75625 0.6828125 0.028125 0.028125
0 0.890625 0.5796875 0.0265625 0.025
0 0.890625 0.478125 0.0265625 0.0234375
0 0.884375 0.3734375 0.0265625 0.028125
0 0.603125 0.29375 0.021875 0.025
0 0.346875 0.3078125 0.0265625 0.025
0 0.21875 0.315625 0.0234375 0.0171875