0 0.85625 0.2890625 0.03125 0.03125
0 0.7875 0.3296875 0.0265625 0.0203125
0 0.75 0.34765625 0.03125 0.03125
0 0.865625 0.1703125 0.0296875 0.0328125
0 0.859375 0.1015625 0.0265625 0.0328125
0 0.85234375 0.03359375 0.0234375 0.028125
0 0.9109375 0.2703125 0.0265625 0.025
0 0.67890625 0.39765625 0.0265625 0.0265625
0 0.89375 0.3484375 0.0296875 0.021875
0 0.6 0.44140625 0.021875 0.025
0 0.32265625 0.59609375 0.0171875 0.0203125
0 0.10625 0.709375 0.03125 0.025
0 0.09453125 0.80546875 0.0359375 0.0375
0 0.13671875 0.865625 0.0328125 0.0390625