0 0.4453125 0.14375 0.0375 0.0265625
0 0.39609375 0.1703125 0.0296875 0.028125
0 0.34765625 0.19453125 0.0390625 0.028125
0 0.3 0.21796875 0.0453125 0.025
0 0.2546875 0.2421875 0.046875 0.03125
0 0.21171875 0.26796875 0.0421875 0.0234375
0 0.7671875 0.378125 0.0359375 0.0375
0 0.83984375 0.35390625 0.0453125 0.01875
0 0.890625 0.3421875 0.04375 0.0390625
0 0.9515625 0.32265625 0.0390625 0.0296875
0 0.890625 0.034375 0.03125 0.0265625
0 0.71171875 0.03125 0.01875 0.0203125
0 0.75625 0.01953125 0.034375 0.025
0 0.6140625 0.06015625 0.0359375 0.0203125
0 0.590625 0.1203125 0.025 0.0265625
0 0.36484375 0.05078125 0.0375 0.028125
0 0.19921875 0.14375 0.040625 0.0265625
0 0.5453125 0.01328125 0.034375 0.0265625
1 0.83125 0.44921875 0.1359375 0.1484375
1 0.7171875 0.475 0.153125 0.1546875
1 0.65234375 0.58828125 0.1078125 0.1140625