0 0.42109375 0.9078125 0.0453125 0.0484375
0 0.90859375 0.95078125 0.04375 0.0515625
0 0.5609375 0.22734375 0.040625 0.0421875
0 0.8671875 0.25078125 0.0515625 0.0453125
0 0.9 0.40078125 0.0375 0.0375
0 0.49140625 0.3671875 0.0296875 0.0296875
0 0.16484375 0.5 0.0171875 0.0203125
0 0.2796875 0.51171875 0.0265625 0.0265625
0 0.45 0.53046875 0.03125 0.028125
0 0.58046875 0.54140625 0.025 0.0234375
0 0.54375 0.49921875 0.0484375 0.025
0 0.74609375 0.56875 0.025 0.0234375
0 0.8109375 0.52421875 0.03125 0.025