0 0.95078125 0.371875 0.0328125 0.0296875
0 0.89921875 0.353125 0.03125 0.01875
0 0.85390625 0.403125 0.0375 0.021875
0 0.9 0.42578125 0.025 0.025
0 0.98828125 0.47109375 0.021875 0.025
0 0.853125 0.26640625 0.03125 0.021875
0 0.696875 0.26953125 0.028125 0.0265625
0 0.66328125 0.31796875 0.0265625 0.0328125
0 0.70859375 0.3453125 0.0234375 0.03125
0 0.7578125 0.36328125 0.021875 0.0203125
0 0.61953125 0.30625 0.025 0.0234375
0 0.57421875 0.27890625 0.0234375 0.0234375
0 0.54375 0.2 0.025 0.01875
0 0.5 0.17734375 0.0265625 0.015625
0 0.59609375 0.2234375 0.021875 0.0203125
0 0.64140625 0.24296875 0.025 0.0234375
0 0.44765625 0.1609375 0.0234375 0.025
0 0.40625 0.13515625 0.0296875 0.0296875
0 0.06953125 0.0515625 0.0203125 0.0203125
0 0.03125 0.0328125 0.0171875 0.0171875
0 0.29921875 0.15 0.0234375 0.021875
0 0.24765625 0.33671875 0.0390625 0.3015625
0 0.7046875 0.4828125 0.0203125 0.0296875
0 0.671875 0.5328125 0.025 0.034375
0 0.6453125 0.565625 0.0234375 0.0203125
0 0.621875 0.59375 0.0171875 0.025
0 0.728125 0.45078125 0.0265625 0.03125
0 0.79140625 0.31015625 0.025 0.0203125
0 0.6015625 0.62265625 0.0328125 0.025
0 0.05703125 0.4484375 0.028125 0.0203125
1 0.57734375 0.39296875 0.365625 0.225