0 0.51328125 0.33671875 0.04375 0.0359375
0 0.31875 0.41875 0.053125 0.0359375
0 0.2328125 0.4546875 0.0484375 0.0328125
0 0.1484375 0.484375 0.0328125 0.034375
0 0.071875 0.51484375 0.0265625 0.021875
0 0.01171875 0.53203125 0.021875 0.0265625
0 0.56875 0.17578125 0.04375 0.0453125
0 0.61875 0.265625 0.03125 0.0375
0 0.6609375 0.34765625 0.0421875 0.0484375
0 0.69375 0.41171875 0.04375 0.0359375
0 0.72578125 0.62265625 0.0203125 0.0328125
0 0.8921875 0.734375 0.021875 0.025
0 0.8390625 0.796875 0.01875 0.025
0 0.84296875 0.8390625 0.028125 0.0296875
0 0.7828125 0.8140625 0.0390625 0.028125
0 0.65 0.64375 0.0359375 0.0390625
0 0.571875 0.67578125 0.0390625 0.0328125
0 0.66484375 0.84375 0.0265625 0.03125
0 0.60625 0.853125 0.0328125 0.034375
0 0.253125 0.73828125 0.0328125 0.0375
0 0.2 0.75390625 0.0234375 0.03125
0 0.153125 0.7515625 0.01875 0.028125