0 0.05625 0.3484375 0.03125 0.028125
0 0.109375 0.3328125 0.0296875 0.0171875
0 0.1515625 0.384375 0.0359375 0.0203125
0 0.1046875 0.4046875 0.0234375 0.0234375
0 0.0140625 0.4453125 0.0203125 0.0234375
0 0.159375 0.2484375 0.0296875 0.0203125
0 0.315625 0.259375 0.0265625 0.025
0 0.346875 0.309375 0.025 0.03125
0 0.3 0.334375 0.021875 0.0296875
0 0.25 0.35 0.0203125 0.01875
0 0.390625 0.3 0.0234375 0.021875
0 0.4375 0.275 0.021875 0.021875
0 0.471875 0.1984375 0.0234375 0.0171875
0 0.5171875 0.178125 0.0265625 0.0140625
0 0.41875 0.21875 0.0203125 0.01875
0 0.371875 0.2359375 0.0234375 0.021875
0 0.5703125 0.1640625 0.021875 0.0234375
0 0.6125 0.140625 0.028125 0.028125
0 0.953125 0.075 0.01875 0.01875
0 0.9921875 0.0578125 0.015625 0.015625
0 0.71875 0.1609375 0.021875 0.0203125
0 0.7609375 0.35 0.0234375 0.3
0 0.296875 0.471875 0.01875 0.028125
0 0.3265625 0.5234375 0.0234375 0.0328125
0 0.3515625 0.5578125 0.021875 0.01875
0 0.3734375 0.5875 0.015625 0.0234375
0 0.275 0.4390625 0.025 0.0296875
0 0.21875 0.2953125 0.0234375 0.01875
0 0.3921875 0.6171875 0.03125 0.0234375
0 0.9453125 0.471875 0.0265625 0.01875
1 0.428125 0.3890625 0.3546875 0.20625